304
308
98
77
45
34
75
-68
38
61
-73
-3
-7
65
-60
38
90
-54
0
-45
-41
33
-68
9
77
7
-3
80
23
-10
-59
9
-79
94
-83
-80
-65
-51
-35
17
-53
94
0
25
-20
-8
-63
-3
-4
65
16
13
1
95
-22
59
80
75
34
96
19
12
-92
49
-96
54
-40
-89
46
16
-56
80
81
-90
-26
-88
49
-83
-83
50
32
-67
-37
-61
55
16
-43
-48
62
-38
50
-62
27
21
-32
15
88
55
32
98
90
-17
68
-41
-57
20
-82
92
-3
30
91
-62
-82
62
55
-97
57
13
97
30
38
47
31
6
-86
-95
-5
13
40
14
-39
4
41
-21
77
83
90
-98
-9
7
-25
-99
-94
-20
28
91
-36
44
15
-80
-89
81
51
84
-74
-68
19
-66
-41
-16
10
-93
94
35
-65
-30
97
22
84
-24
-38
82
66
17
-59
-2
-36
-98
15
2
-17
-96
-88
-36
-42
-88
-95
32
-7
68
79
-73
-9
30
32
-83
7
35
52
2
27
3
43
36
37
40
-72
39
16
-54
-18
1
93
-73
42
-1
46
-95
-5
46
84
-32
-25
68
3
70
-21
-45
-94
37
2
57
41
-85
-45
-20
8
45
-58
64
-35
35
-99
73
-84
-34
-17
-16
-75
27
98
85
34
75
-95
-17
-29
-24
-42
7
6
49
96
-95
-51
97
-15
65
10
-20
-1
96
-91
-42
25
16
-25
-19
9
-1
2
-33
3
-80
-66
-28
-29
84
-98
60
-46
13
-49
-43
-62
25
-95
-96
-91
-10
-99
23
-17
-44
45
21
22
-59
-84
-39
4
