16
1664
60
-71
-75
-33
-72
-68
-57
84
-6
-58
58
-65
11
-79
91
11
-42
59
89
-39
-10
29
10
87
-91
43
-40
-12
-9
-15
65
-35
-94
-63
77
96
-16
-48
-35
-52
90
-51
-19
45
-87
4
-68
-49
54
92
21
-52
-7
15
21
-26
98
-62
0
-11
-20
40
-53
-96
75
82
60
44
-5
-54
91
-2
-76
45
-4
63
-37
-45
-85
81
22
-22
48
5
40
-33
89
-88
64
9
7
-73
-67
-73
-86
-27
29
-42
-26
-73
-74
62
16
28
82
8
-84
-7
66
10
86
-20
97
-87
75
76
14
32
-47
12
-99
-21
-79
-22
71
-91
82
-32
-44
37
-1
19
-21
5
-30
-78
-72
9
36
-21
-35
72
-33
-64
-54
-4
-42
-34
89
-80
58
65
48
-67
-79
-97
98
31
40
-6
88
-13
-24
56
-74
-76
-15
-33
76
-82
-59
-82
8
-20
-52
12
-76
20
67
-100
81
-48
63
-84
20
48
-4
-76
-15
8
-84
52
-14
-35
-25
-24
77
-4
-77
-97
78
69
3
-4
-54
-50
-67
-11
-49
-33
21
-57
20
59
5
1
57
-16
4
-77
-56
-82
-82
-42
90
-22
-15
-73
76
2
23
-87
84
-64
-54
84
-66
20
-96
-98
36
-98
-16
66
83
-78
99
67
-74
4
-29
54
42
93
14
-47
-75
-26
-48
-37
-82
-93
-73
-95
-56
35
-84
36
55
-39
22
86
24
42
11
33
2
-29
11
-32
75
-8
-79
-65
-82
49
-33
-44
-34
38
36
-30
-12
8
-1
-6
26
-70
-16
-47
-4
-92
25
40
44
-42
98
42
-11
21
56
-62
-7
59
93
-47
11
-2
31
-48
-42
3
3
-25
-36
-29
-62
17
57
86
-80
-36
-60
-56
-84
-37
-91
26
-81
-20
40
12
-7
-67
10
21
85
76
37
-35
59
-76
-79
77
-26
96
85
-35
-36
-93
15
6
-2
-29
-8
1
-29
10
-3
72
-98
86
-90
97
-23
-53
8
-55
75
35
-68
-77
-91
8
-94
-5
69
-64
56
70
-46
72
-50
-99
-18
-62
-15
-39
21
6
40
65
22
60
-43
-8
-46
-46
-82
-74
-88
-85
-58
-91
25
59
21
-39
-6
68
65
52
70
60
38
14
-99
19
94
-96
94
-100
14
8
2
39
70
-74
73
69
89
-17
-51
2
-93
-79
71
19
24
-81
1
77
79
39
75
-93
53
84
93
-15
92
57
-52
-41
-29
84
25
-29
-63
-56
93
-59
-64
66
-93
-76
-71
-87
-64
-60
-52
39
15
-31
-4
79
-25
56
-30
65
70
52
-24
0
-64
13
29
8
22
99
64
-37
-12
55
-55
-9
90
-49
15
64
79
-7
-81
-18
23
-69
-100
-35
13
78
49
-21
-29
-63
48
10
-9
-95
11
-20
-6
-66
-9
52
45
75
66
-55
-64
84
-28
3
-40
-58
-72
-19
-18
-36
-11
-41
21
-98
29
22
-1
-11
-46
-54
47
53
35
76
-75
52
-6
-59
26
-28
10
30
-14
76
-63
-95
-34
-96
83
-51
16
17
-88
79
-15
-38
-12
7
-94
-57
29
-50
83
79
84
-34
-88
-47
20
74
84
57
74
-31
81
38
-81
-48
7
37
-70
-37
26
61
10
88
8
86
42
87
-16
-75
95
-38
21
-66
-15
-79
-47
-5
-24
4
-2
-96
-97
16
92
-2
69
18
67
-34
71
47
59
-61
-73
37
-53
1
-87
35
-57
-20
51
5
9
23
-56
81
-74
83
48
15
-77
60
-99
13
-59
54
10
68
66
-12
-54
29
90
-26
-64
73
-52
3
87
94
-8
76
61
-94
70
85
94
-98
76
-73
87
27
-40
36
75
80
-46
-40
-35
-35
18
-62
61
33
54
-74
61
-93
-29
-54
-5
45
64
-13
37
-30
25
-2
3
-1
41
-53
-77
65
10
5
-18
20
-4
-29
-90
59
76
34
41
52
10
-44
-39
30
10
-77
87
20
-6
-26
46
-73
36
-59
-13
85
-43
-86
57
-30
20
3
-62
-47
83
32
19
0
-37
-90
-31
-9
65
91
55
-47
98
-95
22
7
-62
73
53
-31
-55
58
35
-87
-45
44
16
11
22
-57
95
-6
-3
-100
-19
4
68
45
-86
-9
-18
61
-89
64
-21
-1
47
-22
-35
16
-82
-65
-81
-12
85
-27
44
-21
-52
-9
-12
55
0
-89
2
0
60
-28
8
-3
-62
22
33
-57
74
63
-18
-35
-44
-24
-84
-75
-56
11
-69
15
24
-69
85
-90
1
-54
-14
-3
17
47
85
2
-76
22
96
64
21
-29
51
49
-70
-46
18
-84
35
44
-31
18
59
-28
42
25
84
-86
-98
83
-97
73
-36
-28
-13
-39
68
35
-11
61
-43
54
73
52
-32
65
-19
-1
-9
-43
52
-35
-72
88
62
81
64
-95
-83
-13
50
-99
45
20
-16
-95
-2
-71
54
24
69
-90
-11
-34
-86
-14
-8
-80
-79
-76
69
-53
81
55
15
-39
59
55
82
-86
-24
42
98
92
7
-42
80
-51
73
-2
19
51
-92
38
90
-66
32
90
61
50
39
-17
92
88
-25
-39
-26
-95
-22
44
47
-48
-60
-52
15
-11
92
23
-66
-50
-43
33
-82
45
25
-16
0
-98
-92
62
41
71
-10
71
-59
-22
54
-63
45
48
99
7
-26
35
21
-18
59
-74
39
28
-50
-19
-19
51
-68
89
-94
68
43
51
30
-38
-46
8
19
34
97
-64
-63
-62
5
-52
-84
76
-4
-2
31
-9
55
56
-95
25
-70
-26
-1
-14
85
65
-47
48
-15
70
60
-39
-84
-85
-80
7
21
20
72
-32
-48
-91
88
2
-86
-89
32
81
93
-81
13
30
-85
-28
21
82
45
-51
-2
-5
8
-52
-26
-98
-4
-31
14
98
10
-51
-35
-98
96
53
-94
-77
-33
63
49
-65
68
8
-72
-34
58
14
-51
13
80
-61
84
-76
-38
-3
-63
60
-98
-59
-80
-66
-68
67
-16
-13
1
16
11
56
78
49
-4
59
21
-28
-79
36
-28
-65
-53
-63
-8
-50
86
-86
61
4
53
99
97
-82
19
-58
-21
85
-93
-62
14
-84
-58
39
37
-32
29
-85
40
58
-7
26
-18
42
54
-20
-17
77
47
-60
95
-42
-65
-32
86
68
-94
-61
26
-38
-67
93
-43
55
14
83
19
74
22
64
-53
27
-41
55
89
-63
-40
-76
78
69
-40
15
-98
-55
3
43
58
47
8
-75
95
0
-78
-90
28
52
-21
-53
32
-36
-91
-42
-79
52
29
-82
72
-48
-35
69
44
-31
-41
-80
46
-23
-22
-48
-27
56
72
-84
-33
-36
12
-9
-18
-51
-47
-16
-41
-62
-58
24
81
-91
63
-54
47
72
35
-5
-20
94
-70
99
-9
36
41
82
-76
29
62
-14
-6
21
-38
91
77
71
-60
61
24
69
-16
-72
-100
-61
17
-88
-12
65
-23
-53
-29
19
12
-79
-6
-22
90
3
-100
-35
-15
-74
17
30
-84
54
-17
13
89
21
65
-21
94
-96
-69
10
-10
-72
-50
79
0
47
-2
-49
-88
-84
75
40
83
36
-37
65
-1
-88
16
-22
39
-78
-73
-60
13
-12
65
-40
-75
-8
16
-1
-77
40
-83
-23
-86
65
-42
-85
-53
23
-93
52
23
-57
22
46
-57
-91
-61
-97
-48
-49
81
12
34
66
-74
-65
79
57
-33
-40
-28
19
-80
53
82
91
13
77
93
55
74
-65
-76
11
35
56
51
-6
81
-49
-97
43
-60
-81
-64
27
31
92
-39
44
15
18
-75
-49
64
85
30
-58
-52
-98
80
-62
-33
-66
-11
19
-71
-68
-99
-53
14
-9
-14
92
-43
95
-13
-87
0
8
93
41
-32
-7
-86
40
-5
39
-66
36
88
93
-80
-17
-99
13
-9
-25
94
-78
-99
-61
-74
-33
-62
-29
2
21
90
8
-70
-44
57
-88
-75
-65
-78
-14
-83
-90
91
54
19
-67
-29
-14
56
81
-16
-92
-18
24
57
-46
72
31
19
-40
-30
-92
-47
-31
75
-40
-34
56
-58
-69
-30
9
99
28
-34
85
-11
-56
-79
-100
-4
33
-93
-58
-49
-85
11
55
92
41
-42
-68
29
55
-77
-62
-32
29
-75
-26
-89
32
60
-22
-71
-24
2
88
65
94
-52
51
98
-36
-49
-99
4
21
79
-37
1
-45
-79
26
0
31
94
-52
-63
80
47
69
-82
27
-21
22
-100
11
-76
-41
48
91
90
92
55
33
-88
-78
73
63
63
75
58
6
-69
82
59
-14
-42
90
-10
48
91
28
-83
-29
-5
-17
-85
-28
-26
79
-28
50
-66
23
-2
-4
41
38
-9
-33
61
-100
86
52
37
-78
-26
-19
-1
-31
83
13
31
-21
82
-15
-2
11
67
-10
4
-81
-45
-97
31
-36
-83
-64
13
