81
3332
14
-2
24
21
50
95
44
-95
75
27
-93
-9
13
-90
40
-63
91
94
-3
-79
11
12
-97
89
64
-42
72
-47
45
40
12
83
42
-37
67
90
-29
-58
-51
-23
-50
-1
7
3
-94
-66
17
76
50
-58
-2
59
73
16
-77
75
19
-3
46
-11
14
25
49
40
89
51
77
-31
-26
-9
-25
-48
68
-61
98
26
-55
-26
32
75
99
16
82
-56
-37
-3
24
-81
-12
-29
-67
2
-54
-43
30
-80
-17
70
-68
-22
45
89
-60
-25
97
70
-86
-25
-90
59
39
-23
-33
26
56
95
83
40
36
88
70
76
89
49
-7
47
61
-55
-93
-54
75
-49
-70
-62
64
94
-37
-38
-47
-53
-63
52
-16
-52
67
49
41
-70
47
-99
-13
-89
-22
2
62
-4
36
16
-75
27
-61
41
-35
-72
-13
-83
-69
-5
86
75
24
-95
-76
59
-68
-33
85
-66
-52
-43
6
-39
-24
95
53
64
97
-90
-98
68
-93
-29
-74
6
5
20
18
-21
-2
17
-17
40
37
-20
-74
31
32
56
97
81
67
-9
76
12
96
51
84
8
21
48
59
-27
-37
-92
-89
-100
-75
-87
86
14
84
-55
-22
60
-35
64
52
37
83
-78
-30
97
32
54
47
55
-67
31
60
56
-79
22
77
69
74
62
79
-46
-40
89
8
7
-37
38
-12
73
68
72
-72
-3
42
-63
-82
57
-79
52
27
-1
30
19
14
13
-69
-100
90
-67
95
29
94
-70
-24
-13
56
2
3
17
-38
82
-79
-19
-7
-37
9
-60
-76
-72
24
-100
81
42
-27
60
-80
49
-37
18
-7
29
25
-14
98
-47
-94
50
55
4
41
12
-70
74
88
96
38
7
-12
-38
-73
-33
71
-34
59
68
-100
25
71
86
-11
-9
22
-53
-5
-19
73
82
67
28
-11
89
-7
-16
-67
-62
-34
-52
19
-1
-74
-77
-99
-46
42
99
11
2
40
-31
-97
22
93
-70
-18
-56
79
30
87
-43
-88
18
28
44
63
19
-79
93
28
-2
-94
-10
-40
-30
49
25
-71
-15
91
64
97
71
-10
-97
33
84
53
-62
-92
-61
22
-71
-36
-96
92
-67
-54
-23
-7
-25
-54
-4
41
-32
35
-18
71
-68
10
90
-60
56
-89
-96
-3
-18
79
-98
-15
57
86
-42
38
75
-55
-9
-15
86
32
-32
-11
66
-55
80
-50
9
-53
63
-4
-60
34
-72
-77
32
-41
3
-84
30
18
-71
36
94
38
-100
-75
26
66
51
-92
5
-46
-49
98
-66
75
27
35
-73
-82
60
-42
62
-49
93
48
93
80
48
94
21
-73
-38
91
21
-64
-23
-87
-32
56
89
60
44
20
-47
-33
-40
31
71
8
16
-83
-37
-77
40
91
41
-80
62
7
92
-32
-79
-14
7
21
-73
-82
-64
-11
-85
-50
93
81
49
91
-9
-22
-3
58
80
-14
-39
13
21
-22
-44
11
-67
-31
61
5
-82
31
-4
-75
-73
37
-69
37
67
-72
4
-66
34
-34
-54
44
68
-2
93
-8
-36
-23
23
14
57
50
18
-28
9
50
63
-52
92
87
-18
-63
-65
60
-26
-53
-69
9
81
-17
-56
28
29
-78
-29
16
-21
15
85
-9
-17
73
-25
-78
-1
-20
-99
48
-88
-78
47
-43
-90
73
94
61
99
-57
-68
-21
-13
-84
3
-47
-57
-44
38
-82
92
-26
23
-62
80
66
-40
26
-69
-26
-51
35
76
-86
-28
-35
-93
-38
-98
60
34
27
85
80
-13
-66
-29
-9
-28
-58
-20
-29
-100
99
-43
-74
-39
-87
-71
55
-100
-26
-36
-53
-47
14
-64
0
14
93
13
90
81
77
-46
-47
-82
40
-12
40
-11
-38
-1
-35
4
-82
-74
80
-5
-80
53
-91
-33
-99
-25
-68
-3
-57
62
65
56
-43
52
-41
1
32
-87
-65
40
-24
18
46
18
-37
-72
-57
56
-80
71
89
-85
-2
52
95
62
79
60
-6
-54
-31
85
94
-72
-27
-46
23
7
43
-67
-41
50
-94
61
-96
52
21
88
-19
-88
-83
-36
27
-59
-3
3
39
61
29
-32
-52
-35
-25
44
58
31
85
-43
-73
-46
-58
4
81
69
-35
43
-67
64
62
65
81
-74
-31
-78
20
-18
-28
2
-83
-62
-12
-92
27
-9
-72
20
90
85
1
77
43
-62
-39
87
-12
-15
51
25
15
5
-97
63
51
-55
-2
-45
-73
61
-99
3
-81
-2
-41
-19
-15
95
82
-89
91
39
-62
55
-48
15
-7
53
-89
52
-96
-4
30
36
-21
-97
-82
-50
68
-89
-11
-29
-47
-76
24
-16
-32
34
15
60
11
19
-50
-82
3
-92
45
-16
-47
-61
-4
88
85
-57
-33
42
-99
50
-43
33
-61
89
-69
84
-97
39
-53
-89
-77
17
-59
-96
-88
-81
-10
2
-25
9
-85
-78
-97
65
-44
56
62
13
-81
67
-84
-53
-93
-56
92
-19
-78
22
-25
-89
-21
75
69
15
-91
-63
90
-76
-88
-11
55
-63
0
-57
-4
-39
-11
93
48
78
79
-9
78
-10
-92
-4
11
-74
85
9
41
85
-45
-67
26
-73
-6
-100
-33
-82
-36
-85
34
65
-4
75
17
88
-80
-89
-42
91
-24
-99
-59
50
47
-89
-26
15
74
41
-72
-9
49
48
94
46
83
-100
27
-98
96
-60
-43
-13
-62
89
64
76
41
62
90
89
-9
44
26
-74
-45
-100
55
66
-95
-98
-75
94
-100
38
71
-24
-95
88
57
6
-83
-17
-71
65
82
-89
-14
69
-17
-97
-8
-31
51
-90
57
27
86
-54
-93
-6
-84
-38
11
19
70
-8
-91
-11
70
45
44
63
84
74
-7
-37
-87
-16
-61
83
54
-6
-66
-99
-68
-81
-67
-39
-76
94
25
-42
67
-52
-83
-53
-28
-31
-72
-92
-83
-75
-98
79
-74
26
-45
22
-29
11
61
4
-91
62
-32
17
65
-98
-21
25
16
-25
62
-6
49
3
-26
-86
-41
81
70
66
14
-49
60
12
-73
45
10
-62
-77
78
62
73
56
-20
-35
-23
-91
45
72
85
5
14
-65
82
-13
83
73
73
85
-90
8
42
-62
13
69
-94
11
45
25
54
-65
88
-2
-74
53
52
-5
21
57
-52
-79
31
-60
94
-74
67
79
-10
-63
-60
26
-84
-71
36
-3
81
-89
-51
-45
-29
31
80
-77
58
-80
-44
-5
-38
-5
30
97
38
85
-54
54
-4
-32
-24
94
-63
18
-10
85
-68
1
7
-84
-41
6
70
-30
-54
-86
-27
4
81
-25
5
92
52
24
-26
78
-53
-48
-99
-8
-89
63
72
33
81
-85
-34
21
55
82
-83
33
0
22
-13
-24
-84
-98
-64
67
-24
-60
20
-74
42
58
-62
-17
-51
-8
45
-65
-72
90
-17
77
96
23
-90
-8
9
94
-72
-78
-98
71
48
24
-32
-42
-31
44
-96
83
-41
-81
48
-91
81
4
-64
-91
12
73
-25
45
-37
49
-61
-75
-24
-6
-17
-73
97
19
90
-81
-32
-82
97
-3
-100
-12
64
-56
-91
52
73
77
62
-16
28
-53
-23
-6
96
33
-46
43
14
74
53
70
-28
41
75
92
-74
-13
-35
60
23
56
-88
-79
90
60
91
-66
50
-29
-58
-20
-65
-66
64
67
0
-73
65
43
55
13
58
0
-84
-57
47
47
98
79
5
93
-22
-85
14
-3
-2
74
-61
98
50
10
-10
-91
-88
-22
-25
98
-30
-43
-20
-100
-67
-37
31
-7
-18
80
-37
72
-73
87
28
21
-9
49
98
-85
-43
-56
-59
-92
46
43
-24
-2
-3
65
21
40
37
-68
-43
61
38
-3
9
98
71
72
67
-29
-11
-31
-65
-48
-25
83
-77
64
51
-47
28
40
42
59
67
1
40
-49
-70
20
-69
48
7
-23
70
-66
-16
95
-82
55
-12
-32
21
0
59
27
9
11
-98
60
51
-77
48
40
-5
-65
9
72
19
70
50
-65
-34
27
16
-15
3
26
-95
0
-15
-13
35
99
-64
-65
59
82
-39
43
67
58
-84
-46
17
92
95
61
-83
-16
-67
67
-5
-43
95
58
0
-19
58
-74
-29
-70
8
-42
5
14
85
-79
-87
-16
-95
76
-73
4
16
-75
14
79
-7
63
-79
-27
-25
-69
73
-58
35
25
94
-56
-30
81
8
2
-24
-35
-25
-92
-93
2
10
-89
-39
-55
95
24
85
72
44
98
-56
-99
69
4
1
95
-54
1
-82
-44
-72
90
-87
82
71
89
-1
63
-34
-96
-33
-37
-61
-29
-69
4
24
95
9
-99
33
50
94
-39
86
77
27
83
-72
27
20
35
-65
38
53
12
-72
19
22
-86
-84
-99
-36
11
85
-23
72
60
-24
-32
-55
-62
-38
62
-57
15
-62
91
97
-98
-47
-63
26
-43
83
22
-81
92
-58
90
-30
2
-30
28
-38
-100
-19
46
45
-6
-66
91
38
-93
53
-28
-7
-37
90
-11
-84
15
-1
5
-16
-42
20
-90
20
23
74
74
-94
-52
-41
-38
-86
-50
29
-67
57
76
-46
69
-75
94
-11
30
12
85
-84
86
-65
46
-50
56
79
60
9
-31
-81
-95
81
-59
-67
30
29
-38
-79
-41
-96
-97
-67
-76
-9
61
83
28
73
-32
-50
-79
-56
93
-38
27
-48
-84
48
87
78
-43
9
31
-60
-2
-51
20
26
-53
93
91
-8
79
-62
-41
-86
53
35
55
61
51
18
20
-30
58
29
16
66
82
-44
2
83
-39
75
-16
79
-67
-14
-69
42
12
-61
-52
-59
79
18
75
37
56
-26
-97
-46
48
-93
96
89
66
-87
-1
73
90
7
-34
45
-91
46
-50
-63
57
21
-28
71
76
54
27
-14
-86
49
49
-21
57
21
-37
-85
10
-58
-4
-85
57
-22
15
90
-12
63
-39
89
95
-36
-78
-80
-36
-18
10
56
41
31
-14
-98
-93
71
6
-74
61
-86
5
-62
-77
-85
25
50
-95
-83
-85
63
74
27
-72
-34
43
-99
79
84
-13
-39
28
-96
4
16
-16
12
-74
-20
4
-24
16
15
59
-49
-84
-58
-58
-97
-27
13
95
-34
-19
79
-36
-71
91
42
67
48
-47
-78
-10
20
-43
13
40
-30
-79
-90
-74
50
-19
-35
-31
-24
-63
-6
-56
72
-18
88
18
-99
74
93
-62
-1
-90
59
49
-46
-13
51
26
-33
-3
63
-64
-17
-59
-76
78
71
-71
-84
87
69
81
54
-2
0
-81
47
43
95
-45
8
23
65
29
-81
66
22
48
9
-21
26
-63
32
84
-7
-54
87
84
-100
-51
73
-3
-30
-96
-3
-3
-31
61
-21
-61
-72
-48
-66
52
3
-43
-52
-4
84
-27
-32
-71
97
76
-64
-48
87
-67
10
22
-9
-5
57
-89
-94
-84
-55
11
97
-69
73
-56
-29
-62
72
81
30
30
-14
-54
35
-33
78
2
-19
-67
-96
4
99
-91
47
52
-19
75
-4
-65
24
-60
-91
43
4
-76
62
74
-68
45
-70
-2
16
-44
84
4
-14
14
-36
-44
21
-23
59
-64
-49
69
-5
-48
-35
27
72
19
-4
-88
76
-82
-56
17
40
78
-84
-39
-87
-26
-35
-45
-18
-45
12
-3
10
41
-96
16
63
99
80
-85
-52
-76
27
39
88
79
73
40
-20
-39
92
-81
-22
94
-96
69
-9
81
62
99
-82
-39
-8
-7
5
-42
47
-16
7
39
73
55
-21
36
29
-41
-75
-84
74
-96
-80
-11
14
-46
-73
42
-59
-42
62
24
-4
-62
-29
37
82
40
-71
-35
86
-98
71
35
81
90
82
63
85
-93
26
-86
-75
-81
-55
1
53
-60
-89
-74
46
-62
-6
61
17
42
-84
-55
7
12
-14
-58
-13
46
-3
-43
-20
45
81
-56
-52
86
63
51
-86
-95
37
34
12
6
35
33
31
86
40
-25
-24
74
-2
-16
-51
-82
21
-44
61
18
-43
39
52
20
61
36
-60
-17
24
83
-39
-77
-58
76
-16
0
86
54
-91
74
75
10
-99
91
-20
27
32
-54
18
-47
-60
-51
-29
32
11
-27
-20
5
27
-81
36
49
-84
-94
76
-15
-66
38
57
-22
-49
87
70
-99
28
-16
-51
45
70
-27
-47
-76
-93
-97
-57
84
-10
-30
66
36
-25
-8
-38
10
87
-48
-28
84
92
91
65
35
14
-4
45
-82
76
38
-2
17
-70
-57
9
-53
67
75
55
-33
-1
-78
94
60
-21
-93
21
-60
-72
-92
-46
54
-11
12
52
-89
72
46
-54
71
-90
6
28
72
53
-41
81
15
19
22
-86
21
-53
-28
-1
7
22
-10
63
26
7
-44
68
36
94
-6
-66
-4
-1
82
87
-74
94
-11
-64
-27
85
75
-81
-8
-57
45
80
-44
-17
59
92
24
-99
-96
14
-74
92
74
2
-29
17
-60
77
67
-64
80
-5
26
-2
69
69
97
-93
-87
-30
68
-42
36
-42
34
52
-78
-31
-27
8
49
19
-89
-72
-82
43
95
31
98
26
95
87
-14
28
1
-6
-68
89
48
61
-97
45
78
-16
-64
42
-67
-82
84
-51
-19
88
-10
-98
13
60
-19
4
11
98
37
-9
14
41
3
-96
-43
43
84
-5
-90
63
-38
-20
-82
-61
94
-40
30
64
37
36
-94
54
-68
-94
0
9
15
15
-62
59
-78
87
-49
-12
-60
61
-71
-92
-63
73
94
65
32
4
-54
-57
-38
-37
30
0
82
-84
-94
-24
31
87
-90
79
92
20
-21
63
10
23
27
50
99
42
-15
-85
-5
21
-85
-20
67
42
-13
-23
-100
61
83
-25
-87
46
69
-18
-24
-81
-63
-23
-37
-35
-30
-78
24
-45
-78
-23
62
-60
-68
-51
-97
-85
73
5
63
-27
57
-84
-77
69
17
-39
-28
8
86
-41
-63
17
1
-32
-4
-92
12
-62
-57
-75
-84
15
17
-9
-56
79
42
-39
97
-22
16
36
9
-69
59
11
72
93
-28
-9
46
86
-20
27
-47
-79
-84
97
84
-53
69
18
-49
-98
24
-11
2
85
-64
44
34
-64
-65
-97
92
90
-81
-98
-13
44
1
62
-54
-33
80
-33
-37
89
68
25
80
63
12
91
-65
-29
92
-21
82
58
-86
31
39
78
-36
8
94
6
-27
-77
-40
-3
-50
-16
75
-4
-64
6
53
22
-100
27
89
63
52
-79
71
63
83
4
-44
29
-60
-2
-81
10
34
-32
7
-76
-10
-37
-64
99
-17
-29
-90
-73
-34
-14
39
67
-35
72
-36
-43
70
98
-53
-72
-10
54
-60
37
-19
47
-53
74
-94
86
-9
-92
53
-20
3
-39
-47
35
77
22
-32
-31
-24
-11
39
-100
8
-12
-92
-43
14
64
-65
-21
29
-56
31
-91
80
81
-75
-72
8
11
-83
-61
94
65
5
-82
-60
-42
43
-83
-71
82
28
89
-41
-6
-80
-7
-78
16
-11
56
-47
-80
-36
34
-72
11
-59
99
-5
52
5
-84
-94
74
-87
35
4
-70
-6
74
48
30
77
92
-89
-87
42
80
63
-17
24
47
-82
-60
-43
-16
11
-38
-97
91
-85
81
-79
79
-12
69
48
97
11
-76
61
2
-75
-55
-43
63
-25
-29
-23
-67
-36
67
-30
-56
-2
-28
-47
-32
-15
43
64
-31
1
-74
-35
78
-5
0
73
-78
54
-22
-34
87
29
58
20
-64
50
-98
-3
-10
59
-18
-4
-57
75
-10
12
-25
26
76
-90
-82
99
-18
-71
88
86
11
-14
42
88
-83
86
58
96
-48
-25
-94
70
46
5
23
73
-37
-55
3
5
-89
75
-75
47
-66
-34
62
-72
88
-81
-50
67
-18
75
-9
51
-29
37
82
-17
-90
33
-91
58
-72
67
59
-34
-36
13
-48
-38
94
25
71
-17
-46
-75
82
-89
71
94
15
11
67
97
75
81
-95
5
45
-89
-77
5
86
-33
-97
48
9
75
-72
33
32
-1
74
-64
-67
-1
12
39
40
-85
-77
35
-59
65
66
-45
70
65
-81
-54
-82
-49
53
-5
77
-58
71
51
-11
76
-27
-99
39
-74
-49
2
91
-29
70
-70
64
86
36
-33
82
30
-9
79
46
-42
-6
-6
-75
-78
-10
-82
-60
-82
-3
-36
-34
31
-70
-13
72
-41
-50
93
6
-41
91
43
-2
64
-57
-28
-13
53
85
-29
49
75
-20
-61
-92
-19
1
52
-2
-85
88
-84
-91
78
-11
-23
-9
-100
86
55
9
-99
67
-2
53
-87
-6
45
-18
-62
-16
14
62
-60
78
18
65
-85
25
82
-3
-18
-43
-17
58
-45
-39
-55
58
-77
-12
19
-85
14
84
46
12
5
-78
58
32
96
40
84
-2
-88
72
99
81
66
59
31
95
-39
-39
21
-43
-80
95
51
-12
-62
53
87
4
0
46
61
-70
-39
-88
-16
-46
-13
28
91
88
67
-40
-18
-73
3
-47
-11
61
-43
-21
-39
48
-9
-21
-99
46
-64
50
-89
-80
24
81
20
36
14
74
59
22
96
57
44
-72
59
86
1
-88
70
-32
-81
-83
18
79
58
45
-14
73
-34
58
36
-21
-92
69
85
57
61
96
74
38
57
-64
-21
-4
66
21
-29
-51
57
-23
-60
91
71
-76
-62
-45
-2
55
-44
65
-77
19
-32
62
8
47
-94
41
11
82
-44
67
-31
-71
25
33
-84
59
96
22
-47
-29
78
80
-57
-82
4
-52
-13
-9
-48
32
-67
42
-28
-71
57
69
-91
-97
35
2
7
-13
-91
-27
-86
13
86
20
12
56
21
60
-46
-96
-72
-25
-6
36
34
