-41
5285
85
-58
20
-22
32
56
-32
79
98
-33
94
46
-34
-69
-64
70
-22
-62
27
-20
31
95
54
16
-30
-96
-75
-1
62
-29
80
-4
-13
52
-8
61
90
8
-77
94
53
-26
85
44
-89
96
39
24
-6
-86
-21
-68
-93
99
-91
3
-78
12
-53
79
-4
77
58
71
39
-88
-51
77
10
-92
-39
-73
-67
-50
-21
90
20
-95
-77
48
38
94
-76
91
-50
-82
-20
49
-46
-89
-9
1
-65
-66
-19
82
97
-37
-77
-90
5
-56
69
86
99
-84
-63
69
-96
-13
78
-96
0
-95
-21
72
-42
-71
49
-79
-83
4
79
-98
-74
86
44
-65
45
-47
24
86
-11
-87
50
50
55
-90
59
-70
-48
62
54
25
-47
-45
71
47
-75
-79
89
0
12
88
46
-84
-70
34
-20
-53
-74
-15
-34
50
-36
71
-57
69
-69
-60
96
23
-95
-81
-91
-62
-56
32
35
-71
44
-14
-10
-31
8
39
92
20
81
-21
-42
-70
77
-36
-37
-1
48
9
65
51
-7
75
33
-5
-38
-76
-96
67
-89
64
55
-86
11
47
-65
-33
22
67
40
-21
-50
70
70
-50
-30
43
-79
-34
73
-27
88
-8
-76
89
-63
95
-11
-90
69
34
59
16
14
-14
-22
6
-66
-100
17
-63
-62
21
61
-42
67
82
51
-9
91
62
-44
64
-1
-32
-16
11
-73
22
79
46
-36
52
-83
62
-19
-52
1
-51
-1
53
39
-60
-40
-75
4
-33
49
-65
27
-83
33
-26
-67
13
9
-13
-10
71
-25
-32
-10
61
71
-24
74
11
24
-54
82
1
12
-28
-98
4
-54
-91
55
39
11
36
-53
68
12
58
57
-96
37
-69
76
-99
34
-17
-61
69
-72
46
84
-98
69
-59
47
-100
-88
-79
99
91
15
50
-67
-75
92
85
31
-55
-25
79
50
-83
-14
86
-9
53
-39
43
-21
-50
-86
-82
72
93
86
97
-45
64
-35
-94
95
-29
-22
-20
85
-78
-53
95
-32
48
13
-64
-3
42
-63
-49
-12
45
18
71
97
62
94
-4
81
-32
91
-100
-13
92
-66
76
-88
38
-8
-73
-4
-19
55
-50
94
-83
-53
30
-83
-61
64
-21
22
-58
-82
91
69
52
65
-31
-48
23
-31
48
-26
-33
-1
-93
12
59
91
-99
-14
54
67
71
-2
80
-84
6
-96
-82
81
59
80
-63
-19
-28
69
-1
-75
9
25
-83
46
-52
-25
95
-66
29
-38
-98
-6
16
37
47
-91
-47
99
-52
-78
-19
-72
53
44
-90
44
46
-53
-65
-18
54
10
-32
-26
60
46
-61
3
57
-23
13
4
21
20
-56
11
-99
-77
50
-88
-11
23
-93
70
46
-67
-6
-24
-22
11
-24
-32
12
91
68
27
-67
-34
-93
36
-48
-88
62
77
15
-51
-74
67
-73
82
33
25
98
-87
41
-92
31
3
46
21
-92
87
1
57
41
52
48
-46
68
31
8
82
18
11
-8
-66
32
7
-22
-71
20
95
47
-95
-73
-3
37
17
11
3
-66
-5
-7
-23
-20
90
-33
-68
-31
-53
14
-18
-13
-43
-98
-39
55
91
95
31
13
-50
41
-91
-87
85
-47
91
12
18
30
27
11
20
37
97
-30
67
-6
-36
-44
56
79
14
24
39
70
-8
62
32
-69
29
-19
42
78
59
-76
-38
-78
69
-11
-96
90
60
2
-100
21
90
3
-13
-86
-89
52
-56
31
-73
-29
69
-62
77
-63
1
-72
37
17
92
-51
-67
-70
-30
91
58
73
-54
41
-92
-24
-43
-17
-86
-98
-30
-94
-10
-90
-89
53
-35
68
-81
51
-66
-93
-42
-36
-60
16
-21
-13
20
14
-90
95
1
-39
44
32
27
69
-15
84
-21
-75
88
16
89
27
-29
22
-74
-38
38
75
-27
60
51
11
29
-34
-40
52
-81
41
11
-57
18
-68
-94
88
87
96
59
-93
96
61
83
-56
-39
11
76
93
-96
-23
-68
-74
-98
92
-84
-64
87
-62
23
-48
3
-3
29
65
8
-79
-57
-13
-98
-56
60
77
74
-39
83
14
-68
38
-31
67
25
-46
-26
78
-93
-63
86
68
-47
72
-31
63
37
13
97
-18
88
-14
-4
-54
34
4
27
29
-84
64
31
-99
63
-32
64
-92
45
57
-35
-23
54
34
-2
-43
-67
-52
72
-34
-68
34
-42
40
-8
-51
-81
-87
82
89
-59
-34
91
9
-21
-58
-91
50
62
31
26
-90
55
-46
37
-18
36
-34
90
-40
-25
-29
-7
-86
43
9
-36
-61
-78
-48
-62
-87
-84
-64
-19
-1
46
91
-12
-21
70
23
61
-47
54
-28
-66
-99
-18
0
-60
25
56
-48
37
-25
-79
94
-76
-97
-98
-38
85
82
-20
-18
-84
12
57
72
47
21
-34
-82
68
-75
91
87
-83
-20
-21
-78
-54
-66
72
60
88
-75
70
-57
-3
45
54
-17
87
-57
-42
-14
20
98
73
-86
-71
88
-88
-58
-2
-89
64
-82
-13
-81
-23
2
81
65
44
-2
-89
-30
-79
33
16
-17
92
23
95
67
37
-16
71
-18
1
-76
-40
-92
-13
-37
-83
35
-57
-96
-21
60
54
-75
43
-10
3
-88
-58
25
-19
-96
-20
91
-27
-10
-56
-24
70
8
73
-58
-45
-94
-3
65
51
-78
-25
16
10
-2
-87
49
-26
71
-30
-6
95
-30
3
84
80
-21
70
82
-3
-31
58
-89
-66
24
56
-61
9
-55
-51
-68
-75
-34
-50
-34
-24
31
18
-95
5
-40
-52
-85
99
97
-99
-55
27
41
-45
-20
25
-66
-71
32
-9
-29
-95
-71
7
-65
-46
-14
-34
-46
89
32
33
59
-30
-16
98
76
84
-85
-99
-69
-16
-1
2
27
-1
-45
52
-100
-13
88
-77
-55
-82
38
5
95
-53
82
10
-52
70
-19
-48
47
96
-25
93
7
35
96
-31
-73
80
59
-81
-93
26
46
70
37
-78
47
-39
64
-84
21
29
73
80
-1
96
-50
-15
-80
-76
-18
39
19
-35
-69
9
48
78
-15
74
56
-74
83
1
43
4
74
6
24
-37
82
37
2
25
70
57
48
-45
-34
42
56
13
1
-62
-28
-76
-1
-65
-56
14
92
23
-96
-91
88
-52
85
62
-38
18
70
-90
-25
84
53
55
14
35
-85
99
13
-44
28
-48
-93
-16
-73
-10
56
16
-51
-25
9
23
-90
68
-15
-100
99
-82
-85
-17
34
-50
9
32
36
12
-98
61
38
31
-82
17
80
0
-37
-87
-98
75
96
-76
64
-28
22
-86
-39
-90
-3
-16
-22
-15
41
31
78
88
-55
-2
51
-40
-31
-46
-9
75
-58
-72
-97
28
53
22
-82
-82
44
96
-50
-53
52
-49
-62
89
-38
-91
-75
27
38
55
-10
44
-68
37
-10
-54
91
28
-66
-42
-91
-40
55
6
48
-65
33
-48
-67
4
97
-44
-85
-23
-1
-91
-62
61
-4
-83
85
-69
-92
-55
7
-85
-10
-64
28
-74
22
-79
95
-12
-2
-1
55
-46
-32
-94
29
-40
-65
-97
84
58
8
-3
75
-82
71
82
69
73
42
37
-28
21
91
53
-72
-48
-26
86
-87
-26
-49
16
-71
25
-21
61
35
62
64
95
77
-99
17
89
-100
-38
-42
33
27
98
-10
91
-70
5
-99
-64
11
-47
-90
62
-20
88
86
-13
69
-27
99
47
-67
-68
-24
47
-58
84
86
32
59
-6
-23
-60
-31
28
-69
41
-74
-33
38
23
-5
-95
11
13
91
0
68
-91
36
28
-20
78
61
-84
11
21
12
-42
5
89
51
-15
-30
-51
-66
-2
-45
2
41
39
-55
-7
-53
49
-48
98
-90
64
-91
-46
37
-29
17
-45
76
-19
2
-9
-67
20
27
22
64
-92
-82
53
-15
14
89
24
-87
17
-95
64
1
-8
72
35
-65
70
42
-13
0
29
83
92
41
-13
-1
89
-73
82
64
36
-52
-69
-54
80
-50
-84
32
-85
45
61
47
51
45
73
3
-86
46
-31
39
12
-37
54
32
-42
59
34
-63
96
-97
49
-74
-46
99
-19
-6
14
-79
-68
15
86
-34
-63
82
-19
73
-78
56
52
2
-47
6
-87
49
-56
46
14
-60
-68
29
-51
28
63
17
-58
-45
96
62
-76
-2
79
18
-93
-69
25
-4
80
-39
98
92
-88
49
87
44
-96
-46
-68
-29
13
54
-90
1
-93
14
38
-57
33
-85
-54
-39
-67
-29
95
-52
15
-66
46
-100
79
-75
-38
-32
52
24
-44
19
50
-13
5
76
-69
91
-76
66
-25
48
35
-40
32
-81
44
18
19
-33
10
37
-49
-83
-35
71
-44
94
-46
64
-46
-45
90
46
-95
95
22
-37
-84
63
-42
37
-30
-89
-98
58
15
-1
49
-44
-89
-69
-8
-37
-60
-28
-77
52
-90
-54
55
-16
34
-23
-8
48
19
69
24
12
-88
11
30
60
-69
26
-28
45
-89
-34
49
6
-31
96
42
25
75
-99
85
-32
85
54
-56
-84
42
-77
86
-55
53
-23
36
-45
74
1
31
-7
-75
-71
50
-99
-77
15
-42
-42
-76
78
-97
-62
-82
30
-93
-16
89
-50
41
-4
44
38
11
-86
-31
-77
-4
28
72
57
-16
53
-67
-38
99
-17
-52
25
28
-41
77
28
11
85
17
73
44
77
-38
-18
-63
-75
33
77
-71
-42
-18
8
98
50
26
97
-19
59
7
-35
58
27
68
-52
94
-95
-16
36
-72
76
-98
91
51
-17
-90
33
91
71
81
74
95
-80
65
45
-37
-90
-100
33
48
75
71
-41
-32
-39
-12
-40
-23
-77
0
-60
18
60
91
-67
89
-54
-22
47
-28
-71
57
-84
6
31
-17
78
79
-86
79
40
78
52
-72
52
31
-72
42
-90
-29
-16
-82
-94
29
99
72
54
-54
-50
27
88
39
-78
-13
-39
-16
-93
-41
55
90
6
19
59
7
20
-42
-42
78
-13
39
22
75
51
23
-77
43
-71
-86
90
-87
24
-31
49
-10
-73
93
-5
39
41
54
-34
56
-97
-99
-50
1
-20
59
-31
77
-19
95
99
30
-8
-95
-14
5
6
22
-93
7
19
4
-55
-100
60
-20
-16
-77
-14
97
10
-58
58
-11
-17
-39
-93
-44
54
-75
97
-88
-64
22
40
63
-48
17
-94
-64
77
-69
55
64
43
-76
-90
5
16
-26
14
1
29
20
39
86
14
45
-25
-6
-14
-68
-67
-13
19
40
75
0
-74
-29
-67
13
-47
28
50
34
43
-18
-12
69
78
-86
30
21
35
73
38
65
50
98
27
-9
-51
45
-12
29
-51
-52
-18
31
89
46
4
-2
-82
-65
10
-50
-97
-94
79
89
-20
69
64
42
-34
-50
-94
-45
50
-32
75
15
87
-50
-31
20
-41
-1
-10
16
-67
-50
-12
71
-21
-27
2
-84
-73
-45
30
-21
53
-45
-54
-97
-89
-94
5
0
-98
7
92
13
52
-93
31
-43
-18
-95
-63
-17
-5
-80
-77
99
-82
-26
-3
89
-99
-81
-70
-61
-3
-98
46
93
54
-78
98
-25
-35
42
-55
-100
34
-28
49
15
20
-44
-39
50
38
11
-7
-37
-3
69
94
-32
74
68
-45
-19
-91
-80
-27
-48
-10
-29
-85
-8
99
-97
-26
8
-20
-64
70
-67
-38
20
23
94
-29
33
-24
-30
-14
22
-42
22
43
-6
90
-55
-91
10
-81
-93
-83
65
92
-80
-14
27
-27
15
1
-80
-83
47
56
25
67
-44
71
-25
-22
-66
66
-44
-62
-66
51
56
-16
-51
-87
31
65
85
15
-59
45
-76
-55
-92
68
-26
41
-85
-29
12
-4
35
-88
-28
4
56
0
-57
80
94
85
-33
-7
23
74
79
96
85
17
52
-10
3
15
-19
-39
-5
-25
-59
-51
57
-61
48
3
95
-53
-79
57
98
-39
67
90
-44
2
0
52
51
2
6
12
87
61
30
20
-2
-20
47
29
84
-42
-69
50
87
23
-90
19
-5
-16
-61
-57
43
-63
-25
-61
-5
-89
-88
76
76
-77
-30
-16
88
86
-13
-11
-70
2
-58
33
-62
14
-41
96
7
39
74
23
35
64
84
49
98
-18
37
46
14
87
-22
-17
92
1
98
54
-69
13
-88
-62
-69
-12
-71
26
68
-5
-65
-61
-42
72
60
-48
76
-72
75
46
-57
-52
-88
-39
-94
-87
-76
-28
19
24
69
-17
-39
-97
-52
92
78
22
36
-24
-28
-100
9
-98
-62
-85
16
70
53
-41
-52
59
83
-6
-77
79
51
-19
-19
-61
-90
38
90
-74
-69
-98
51
86
41
-94
-80
-54
-30
82
87
-5
24
-59
53
-94
12
24
18
5
8
75
-60
-67
-86
41
-35
-78
-43
-29
38
24
-37
-55
54
-52
-60
-5
-91
54
-54
92
-11
-51
-41
-90
53
-69
68
32
69
-22
20
48
-7
89
93
91
99
-31
-72
34
-20
-52
46
-33
42
91
55
-54
-87
55
85
-32
-53
53
-64
-96
28
-81
-97
56
-3
96
-77
-94
76
-5
-16
-18
-59
-79
-93
99
45
-35
5
71
68
-56
0
41
-52
46
-41
22
-39
17
78
12
-46
41
2
76
-37
54
-92
-72
13
5
36
-93
74
-46
-56
90
-47
9
-70
21
-18
4
-73
-4
-34
21
15
9
43
83
-99
5
0
30
-53
-17
-47
1
0
-5
90
3
23
35
93
-41
-27
-66
67
33
29
28
57
-80
-11
89
91
11
25
23
79
88
60
-92
-83
54
-33
-4
-73
-77
91
-94
91
83
-72
95
8
-44
73
66
59
37
20
95
-22
57
72
-7
31
-65
65
-89
-26
-22
-56
33
28
-18
40
33
-55
-40
41
-37
-98
-72
-29
11
37
20
-64
4
72
-6
67
-38
78
56
1
58
84
-63
-62
-12
-57
-75
60
49
12
74
-76
67
-58
30
77
35
-86
-30
-99
69
76
18
-7
61
-63
68
-39
-44
2
72
59
15
14
5
24
89
72
-25
26
-14
26
-38
15
5
46
76
9
53
-89
24
34
-47
-39
-90
34
-43
-71
27
70
61
27
-83
-87
-69
21
14
-82
-74
41
21
-96
-63
57
-100
-27
-79
14
83
55
20
50
-40
63
91
-61
50
81
-47
70
10
36
-60
46
74
-98
-34
-28
-84
-70
-70
-12
86
45
-33
13
-27
77
85
-90
-88
-27
67
75
-9
64
-34
36
-3
29
-29
-70
-36
55
43
-22
-70
75
91
-22
33
57
-56
64
92
60
68
-35
69
54
99
71
6
45
-56
-35
-58
54
-47
-26
-54
15
35
46
69
71
34
-98
-32
-51
88
62
95
87
31
73
-26
-52
-65
-56
-30
-91
98
55
48
49
44
-94
-93
-24
8
-20
-4
-98
-98
45
34
11
59
-70
-97
-51
-89
-92
53
-21
-13
68
18
-39
59
-92
-59
-3
-100
59
-61
34
-81
-88
-81
73
-90
-1
-39
47
-86
-89
66
26
14
-92
-23
79
5
-85
-67
86
94
-73
80
-22
-9
54
-85
-70
-83
-77
93
-60
-55
9
2
-26
-76
-68
32
29
-99
-38
43
17
99
24
94
-15
54
7
-84
-36
62
-96
91
25
-62
-37
41
-32
-44
-46
-25
12
-42
86
-22
66
-10
-54
47
-24
47
26
-24
89
87
89
-84
14
30
-2
38
76
-52
-2
10
88
-83
-63
-1
-42
80
-81
41
87
-29
47
-53
5
86
-57
-35
-27
-82
79
56
-38
-25
96
86
-7
62
79
-63
-23
92
-44
-35
32
13
-24
-27
-74
-51
97
75
2
-71
-76
83
29
-8
74
-96
40
98
-57
89
-93
-76
-65
88
41
-86
19
99
-11
20
9
-70
36
33
-24
47
-7
-56
-94
11
-6
83
6
-14
58
41
-97
-74
13
-65
-97
-50
-14
-44
64
-49
-53
61
62
-36
-53
94
-15
58
-94
66
-4
66
32
-68
1
-100
59
21
-65
93
88
72
-94
61
54
-92
34
7
-92
-30
65
-16
-12
-16
90
-51
-5
-22
18
-18
29
7
-44
25
-35
-24
-36
-50
-94
-6
-36
-96
95
-75
-30
6
-69
56
42
-6
-91
80
-16
-33
-40
-91
-88
39
1
-66
21
78
50
32
17
-83
-85
6
-93
-40
96
-95
-41
-1
25
70
-92
-42
37
86
23
-51
-34
-53
53
15
32
-18
-33
-97
-73
-87
63
-18
-53
93
-12
60
-74
54
41
14
-84
68
-63
82
-6
-81
-93
-46
17
-55
-15
61
23
-47
41
64
-96
-25
-3
-95
87
-71
-48
94
-12
-96
13
-23
28
-4
-47
-17
21
9
-19
-48
-6
-55
-9
49
-35
98
-78
-75
79
35
-60
84
-76
-80
24
72
-89
68
33
-28
50
91
41
-14
75
5
60
-44
-24
99
14
-66
70
78
-42
92
-4
-84
58
90
57
18
16
87
90
87
88
-74
58
61
97
52
-30
-87
-45
-63
-26
43
-76
3
-66
-40
-89
46
-32
55
-3
29
-18
-19
-98
-35
63
-32
-12
1
-37
-56
55
-91
-8
-7
-34
-20
-94
-37
85
98
-67
47
-23
52
-24
-37
-36
17
-79
-91
-50
64
-85
58
18
38
4
-24
19
12
-98
-80
-54
96
0
-52
22
57
59
-6
13
-5
2
-66
78
-31
18
-32
-86
-23
76
11
-91
84
43
-83
-45
38
64
-76
-64
-55
41
-66
57
-54
39
21
96
-44
-94
43
47
-30
-24
80
58
46
-19
-54
79
2
-28
-36
-46
93
17
50
-19
48
94
-16
83
-95
1
52
-94
-14
-77
28
95
-9
-99
-83
56
72
-15
-47
-95
5
-8
97
75
-90
-96
3
80
-78
-39
53
65
92
75
93
-83
55
94
-32
84
-80
-54
-98
-10
9
33
-11
-98
80
-86
-37
-75
-67
-66
-6
52
51
15
34
98
27
-46
-63
-84
33
46
-24
57
24
-71
57
50
-92
-47
11
-73
45
85
-51
71
-35
47
37
-8
-48
71
-19
-65
-10
-54
85
52
-33
-48
-76
59
-18
76
-97
63
60
72
-50
-100
37
99
82
-51
-35
74
34
-72
-72
-96
-15
53
-66
86
61
-78
-12
-5
-92
-30
89
-64
81
-55
0
11
-6
-53
14
-43
-65
-28
-1
-70
82
17
12
-45
78
56
82
-39
-69
-40
96
-50
-72
83
-45
88
7
51
1
44
-75
-78
73
29
-81
-52
-52
12
69
8
-64
14
-40
-21
0
3
79
76
15
-30
-62
-30
-95
-28
23
-67
51
53
-73
-33
-40
56
-88
-56
-65
-6
-10
59
-48
-88
-81
8
51
62
80
7
-68
92
77
95
-89
24
5
-16
-67
-93
29
-28
62
53
57
50
-12
55
-10
-7
-89
-89
-27
-58
-12
-69
23
-99
53
72
-100
-53
-32
15
98
33
-79
-29
-94
61
-70
-23
32
62
81
-58
41
91
58
77
-91
-42
15
9
-51
55
-15
-99
-35
-55
-23
-22
49
89
-59
24
-57
46
39
58
-91
65
51
-7
46
-97
-63
-76
-88
72
-63
45
97
71
75
-76
-79
-50
-30
-41
68
19
14
42
62
31
-31
77
-69
-97
-93
66
33
-89
-47
79
-3
53
67
-87
-15
-33
-50
74
18
96
84
-75
52
-59
-99
-43
-56
26
-21
6
-40
73
19
84
77
-71
-78
-7
-41
74
-66
-100
-28
-51
-93
-30
83
-19
-45
-99
-14
11
-95
16
-76
-38
-48
68
66
89
76
71
-76
60
-73
-76
36
-69
-70
-11
48
27
-63
-27
-55
81
-47
-40
-12
-95
-33
-87
92
7
-85
32
-1
84
62
40
-8
-7
-45
4
20
-84
97
-75
-58
-89
-12
-100
-10
-54
12
54
-62
49
47
-81
-39
47
80
-18
15
-33
61
-25
-88
-34
-14
82
78
62
19
92
-99
69
-65
69
-9
52
40
67
-71
61
47
58
-97
96
71
-4
62
-47
-39
-93
-16
71
-78
45
-31
-59
14
-61
-42
42
-88
1
38
-54
76
88
74
-28
31
56
65
82
79
78
75
79
40
14
83
4
-11
-91
18
-51
-13
-78
-82
56
0
-15
23
-22
-64
82
-41
28
-21
44
-70
69
-52
92
97
-75
62
-8
49
75
-40
-82
-17
-62
71
87
11
-53
-35
37
-89
72
-57
-60
-25
-66
29
52
46
83
75
-16
-11
86
34
-66
79
-94
58
63
66
-29
-35
-33
59
93
3
2
-94
-69
-57
-47
-84
30
-6
-84
-98
82
78
36
-61
-60
16
-56
-16
-91
22
-12
62
75
69
70
7
-49
78
-58
-99
-17
82
-59
-15
46
55
54
-74
85
-19
58
-19
-18
-32
91
56
95
-24
39
55
38
92
-65
60
32
99
-25
19
-84
-99
-37
-90
-17
-82
-53
38
-24
-84
-76
89
-38
-79
75
27
46
-52
-74
-50
42
57
68
21
56
45
-22
-57
-72
24
40
-43
-5
-92
-91
27
95
49
17
-60
12
-65
36
-38
91
-26
30
87
71
0
42
2
-91
-56
84
-19
38
-16
92
-28
-23
-20
57
-38
17
-42
0
-3
-75
-15
40
41
42
12
93
-30
-75
-8
72
-72
-37
-74
88
-74
12
21
-82
75
23
-81
-12
-65
71
46
74
-23
51
18
47
68
91
52
85
-90
58
-3
26
-58
25
-45
-17
-47
-41
-47
-72
-42
23
-91
-44
-33
-92
-98
91
-32
28
23
-14
62
-42
60
19
29
93
-17
53
10
-81
-100
88
2
-12
-5
65
-40
12
-70
26
59
20
51
-67
-23
-20
85
61
0
82
-43
74
97
3
-16
71
-28
-75
74
96
-17
44
60
61
-80
72
-30
69
20
-97
25
-45
-56
-75
13
56
77
75
25
11
15
-76
-71
92
-2
-30
-46
20
-18
78
-30
32
-56
22
34
1
12
-19
84
-27
-98
72
40
-61
88
62
98
88
-29
-83
-69
-77
-70
37
57
25
41
-74
67
-28
12
-63
40
35
29
-55
54
55
34
99
47
62
12
54
-57
95
88
-34
45
-59
80
-36
42
-64
-78
-96
81
85
-37
19
72
74
-93
23
-37
30
-2
78
41
61
-73
57
-2
56
95
-58
8
-31
-62
-53
71
-74
3
26
13
22
27
13
-41
68
33
7
15
-46
-81
58
88
-69
-14
33
63
-9
-88
-28
-36
62
2
1
4
72
52
-60
66
-19
-65
7
-37
68
-88
83
-79
-6
-1
-67
5
-9
-37
46
99
-72
91
-43
57
-61
5
-82
-77
47
-60
31
-72
-18
-62
-61
-20
10
71
-1
27
20
-17
-75
-11
11
19
9
-23
25
11
36
77
-82
-79
91
-13
-97
76
-67
44
-39
9
71
-70
48
37
-100
76
51
-6
-28
3
-61
-2
-38
-77
85
72
-68
41
-20
-55
52
-99
-20
64
-63
-2
-98
4
-10
9
-2
-78
-23
19
23
35
62
53
-69
83
36
-51
-85
17
-64
20
6
-39
-73
-53
-74
-57
57
69
-52
-29
2
11
14
-52
9
-39
74
42
6
-85
-13
-30
77
-4
11
-96
-52
-25
-52
10
-16
86
32
55
-100
67
63
38
-72
46
53
33
-66
-47
-49
2
-18
-5
87
53
81
-89
-93
61
27
71
-96
93
-28
40
26
-47
27
-44
65
-3
-73
-71
-49
-31
-55
-11
-69
96
30
42
-92
64
-53
-43
-63
43
-40
17
-99
-19
-40
-87
17
-42
-59
-72
-50
-61
13
-22
-9
8
-33
60
-47
59
73
68
-23
82
-100
-56
65
-80
29
-4
59
62
22
-69
83
45
-30
70
71
79
-9
11
-45
58
-55
29
-99
-1
-65
23
-51
-92
31
56
6
62
-69
-3
68
0
25
-38
49
-51
-81
94
-11
-24
37
-13
-43
-77
67
-33
-21
82
91
20
85
-25
62
-65
88
28
3
-60
-64
-70
-100
45
-51
-58
-42
-64
29
-44
-78
-74
-45
-3
-13
13
97
-94
-15
-5
87
-58
-60
-33
-55
93
58
50
-42
-99
10
99
57
39
-6
-21
53
-3
35
-76
-3
-98
-53
18
-39
65
81
-51
-63
-16
96
91
81
-24
-54
54
96
-57
17
-88
-38
84
-12
75
74
53
58
48
97
-60
-80
28
-79
49
68
80
-63
-16
44
89
59
92
-64
34
-30
71
-30
-41
21
-15
-53
66
-12
55
-67
-20
-63
-82
-9
20
90
96
-100
80
59
-53
-57
-35
-1
-66
37
81
53
59
96
-23
39
-22
6
-35
41
31
-54
66
-86
-75
-87
3
3
49
-41
0
76
-64
-61
68
-47
-76
5
28
65
-53
48
-75
-13
-58
56
0
41
-76
-84
4
-56
-38
-38
58
13
-99
4
-1
49
-31
-96
-79
95
-47
-12
-91
-16
79
-97
68
0
89
-32
-24
-92
10
-53
-80
-75
-37
92
36
-95
49
-23
-27
-97
15
30
-17
16
-23
-35
-54
-54
-83
-65
-3
-39
27
48
-92
-12
-90
5
-16
-79
-86
-26
-30
67
11
15
-92
-85
-74
-87
84
-13
-82
-23
66
43
77
17
-7
-52
-47
-74
-16
-54
-74
-17
44
-58
-78
-69
42
-24
2
97
65
-2
9
-81
-71
-36
-66
55
65
-48
-63
99
9
-14
-70
75
-85
-46
-48
-24
-96
-27
22
-41
-24
-76
-37
-57
57
2
-23
99
37
33
50
-46
41
-97
48
46
-59
-76
-64
3
80
-51
68
-94
-33
-10
-47
-61
81
-50
-96
-96
98
53
52
33
-75
-66
5
20
18
-19
19
-56
-86
-34
87
-25
-23
4
71
13
39
-53
-83
46
64
36
57
-76
82
10
-27
52
53
-52
98
28
-59
-38
-53
-37
42
60
-34
49
42
13
-66
17
-58
-18
79
-81
51
-27
29
45
42
-98
45
-31
71
-19
-18
-64
41
-10
-23
-27
97
-69
-69
-32
-20
-85
-11
84
74
29
-74
75
29
-82
86
-35
10
62
45
56
26
22
30
12
-36
33
-36
-46
-71
-48
72
-94
-6
-42
83
-44
-66
31
-23
95
-85
51
-100
69
85
32
29
2
9
-30
43
23
-96
-22
59
54
8
-85
28
-70
56
-72
70
30
-97
-52
44
-71
-94
75
-88
-35
53
48
27
65
-53
-77
-35
80
-28
-38
-45
-41
6
-43
74
80
-61
-63
-19
-20
-60
38
-35
-93
12
-32
-100
0
41
88
20
69
-85
69
15
93
-21
60
-50
-31
18
75
54
60
-54
79
-5
31
-38
37
63
55
45
-77
96
47
-47
-56
-83
-66
97
91
-43
-48
32
12
88
-52
39
-15
-2
-6
74
79
-42
-87
91
43
-24
88
-14
-9
-9
-15
5
-27
-51
50
-36
87
-96
-83
3
29
52
-56
-64
59
-36
-16
37
-96
-2
90
78
24
-2
-53
99
-22
14
-77
89
-91
-2
16
-18
91
-7
16
-37
-8
44
-89
-40
65
51
-74
-96
67
49
2
91
-42
46
53
51
36
-68
-58
40
-71
8
-98
-61
30
-41
-23
6
34
74
-19
-98
-88
47
70
-54
43
98
-10
-29
-55
8
89
-42
25
-22
96
12
-49
20
32
-49
-11
7
33
78
29
97
54
-70
-92
-80
-58
3
53
59
-1
33
-1
84
-70
-21
41
-78
-83
-44
-24
-43
94
-4
-97
16
13
43
-42
-92
-66
99
91
-45
58
-47
-80
90
82
58
-62
-48
94
-59
80
21
33
48
95
19
-84
-7
90
91
-39
9
63
-35
4
-63
91
-12
26
11
85
-23
30
86
-18
-10
-48
10
-50
-71
-59
71
66
-18
-53
-62
50
77
-39
53
-34
76
72
66
72
59
-87
21
-10
-18
24
-94
-52
-36
88
54
7
-55
41
36
-52
98
-73
98
-91
-74
-76
95
66
51
-24
57
63
66
-11
69
49
-42
-72
-47
-7
20
-71
82
50
-34
81
-20
-75
26
52
-30
-62
-61
-39
88
-68
73
54
8
3
12
48
68
-74
-13
93
15
57
62
-28
22
-4
-20
-81
19
-56
-76
-16
-63
78
-10
58
-78
82
-26
24
-2
74
-61
33
35
