-48
151
66
35
16
-85
-35
74
-36
-100
20
84
-81
42
-68
18
-48
37
-46
-10
-11
36
29
73
24
39
-79
-3
-37
-21
-52
8
-75
58
38
97
10
-59
93
88
-63
82
-80
56
62
-39
-69
38
-99
-23
29
12
-71
-28
3
-27
46
28
-71
-28
-34
-16
80
75
-29
31
-33
88
25
-38
2
-88
-50
-45
-33
49
16
18
52
88
-32
56
5
-47
-71
76
-81
-3
-100
-27
72
91
2
16
90
35
5
46
4
-99
61
45
93
-29
-64
-76
-3
-93
-84
-18
-10
10
-50
93
-42
12
-12
63
-5
-22
42
-33
-90
41
-25
44
-52
-7
-41
-32
-71
29
45
-6
64
-67
-56
-94
75
-65
-81
36
-14
22
24
15
20
-88
-22
25
28
71
-42
1
