-39
1530
77
-18
-63
-23
94
56
-61
38
-71
14
3
-10
24
-27
60
-78
-39
67
29
-82
36
89
24
94
22
12
-62
43
-98
27
-67
80
-80
-45
-92
-56
-29
-76
82
-98
97
5
65
52
-19
8
0
-15
-25
-10
21
-61
-30
-10
-43
-78
-31
-56
64
5
-80
48
-14
-31
11
-54
32
58
-91
71
-54
22
3
-55
46
73
-81
-74
-30
48
49
-94
35
-68
48
55
67
-47
-11
80
1
-43
3
94
-75
60
-62
-92
19
-15
57
14
55
-3
-43
-84
76
39
76
45
-62
-33
-42
-85
76
26
40
86
41
-26
-62
-29
-98
-10
-61
54
-96
1
94
56
47
-20
-52
27
7
-18
-13
-79
57
87
91
-54
76
22
-4
-90
12
48
-9
-79
30
32
-86
37
-60
36
-11
-46
-38
-55
55
-86
34
26
-95
44
-12
53
-67
-60
-35
-50
-4
95
-54
-85
49
-35
-90
-43
99
29
98
88
68
23
-61
32
62
96
89
41
-96
15
83
-26
57
-6
68
64
59
-95
49
2
-77
-30
-25
90
11
51
-49
-26
-54
-64
6
21
-79
-78
9
-43
-39
40
97
-29
-75
21
64
42
-24
-37
74
74
74
89
30
31
96
77
-71
-80
73
50
40
-98
-70
-17
40
-49
-3
-39
33
-90
-13
63
-16
-4
72
92
-52
76
-32
57
78
-39
68
-85
-51
46
2
43
-7
87
10
72
51
-74
2
4
-51
16
-66
-19
14
-41
76
20
29
36
58
16
70
80
3
41
-78
-4
19
10
-77
79
18
17
90
-17
63
16
58
14
17
90
-34
69
-18
-57
23
21
47
96
20
57
20
26
-82
72
-11
63
-96
97
65
-98
-41
-85
-77
-84
20
91
23
76
24
-46
-12
-94
-75
57
-18
-40
-69
59
14
-97
-61
53
-24
61
-20
-33
29
-53
-19
12
2
-38
61
98
-62
-90
-16
29
33
18
-33
-35
7
-42
-41
94
-31
22
-73
-63
-79
-41
-73
-77
-69
-96
-84
48
27
-28
53
-83
65
1
-58
-66
-5
-10
-98
19
92
-99
-1
28
-34
7
49
47
-97
-54
13
-62
36
21
-37
33
61
-24
-21
48
-44
62
-58
18
-65
28
-65
-9
-24
-38
93
88
10
16
-17
51
-60
-41
67
80
-73
-12
58
19
37
31
-16
58
-15
62
95
-75
65
-85
0
21
99
56
-80
78
68
52
-38
-20
31
-29
62
-14
-95
90
-89
-50
6
49
47
-5
-78
-14
-51
94
91
-35
41
24
69
-26
-63
-31
-46
10
-74
85
68
69
-72
59
-34
68
-76
58
46
-55
38
-2
48
-94
8
41
94
51
-49
66
94
71
-46
61
-100
-21
-75
69
8
-98
-87
19
1
-48
39
94
71
79
-57
48
-37
-8
74
-83
42
71
-14
64
-71
1
85
-93
-50
54
45
-3
65
-28
63
-33
8
-12
99
-91
-71
4
-31
-38
58
15
-7
-48
25
69
48
47
99
-21
55
13
61
70
91
84
40
-94
35
86
75
-42
-69
-6
3
22
31
42
-71
25
29
-77
20
-51
19
-21
-32
99
88
-59
-75
39
-16
59
-41
-94
58
72
59
-13
38
-53
-64
56
-49
-60
86
2
13
42
43
-99
-69
66
-79
84
-75
-46
5
84
-55
26
-95
61
94
60
-79
9
62
91
80
33
-23
-83
35
-78
-88
90
1
43
45
-55
70
-54
29
-4
-11
-11
-6
-81
88
-58
28
65
15
-62
-28
-11
-24
53
24
35
74
-70
85
69
-91
76
62
-1
34
47
20
13
-71
-38
20
8
-97
-82
-22
76
65
-33
-29
75
-51
92
80
91
16
7
-13
48
-28
-7
80
-20
-99
-36
92
69
24
-70
96
-5
-73
34
-77
18
-78
27
-70
71
-16
75
-88
83
-62
69
-77
-26
83
58
-46
-14
62
-66
-34
79
93
-97
28
17
21
-74
-82
-75
97
98
-54
-8
12
21
52
13
2
-69
-54
-13
-23
-71
31
62
68
16
-76
32
-61
30
43
-66
-64
-33
-27
90
42
-3
-30
30
-15
-13
-9
12
56
-63
-39
-37
-37
-3
-72
78
65
12
80
-47
-23
57
-8
-12
-68
30
-7
75
89
-67
64
-74
-79
-52
-14
-2
-80
-100
-54
-53
83
-60
42
6
-19
55
-71
11
-96
22
37
32
74
9
-73
91
-15
-16
-34
6
67
65
32
-57
-39
-52
81
-98
-33
60
-20
-69
-18
46
74
80
-59
-42
-12
62
-25
-48
13
23
-37
-63
-33
-69
31
90
91
82
9
31
47
76
43
-22
-52
-45
97
-7
69
-2
-23
72
-88
72
49
24
18
8
-59
73
-22
-53
97
39
-92
-5
9
-72
80
45
-13
34
96
23
-99
-35
-57
8
-16
-56
60
-66
8
-85
94
66
83
17
-96
99
23
-31
-25
8
62
6
-92
3
55
89
-16
-10
-14
78
-73
18
-63
-2
-24
98
-62
-44
15
52
-32
-80
47
-41
-98
-100
60
87
36
-69
-11
-12
7
1
-93
-37
2
-40
73
-94
62
-2
-7
37
12
-13
1
-3
-98
-95
10
-42
-72
52
-47
84
-84
94
86
-58
98
31
-37
-37
-39
75
64
-16
-47
-79
-9
-52
53
42
-2
-4
21
-96
-14
-53
7
3
-12
-32
-4
-15
63
-99
15
-32
-50
-74
-73
-59
48
-10
31
93
-32
-22
62
-4
-50
-79
-85
40
63
-38
-66
-63
-21
31
-55
0
42
71
89
19
-77
-4
47
92
64
-65
-17
-43
8
43
66
59
-4
76
35
-2
-8
-54
-17
86
95
19
-23
-76
68
-11
27
67
-11
38
-45
-49
-51
-5
35
-11
23
-30
-6
32
-98
71
26
61
14
-30
50
24
54
-71
83
96
-84
-35
-57
-50
96
-3
-75
-81
28
-29
-9
-22
-7
-21
37
68
-82
-46
-37
13
19
-16
-78
-83
6
49
-59
6
99
75
72
-68
-75
57
40
-37
69
80
29
-3
34
-65
86
-52
73
39
-89
63
-21
94
-53
-87
70
56
18
-27
-83
60
31
37
-62
-35
1
49
-7
-60
-18
30
33
68
35
-70
-96
46
-76
-65
85
-78
58
-13
38
88
97
-64
54
66
31
60
37
22
-29
70
40
-21
-99
-90
48
75
23
-88
-20
26
-60
-54
51
59
21
60
59
-19
-49
89
55
56
96
13
82
26
-51
13
70
2
59
24
-92
64
-46
-65
-1
-36
-16
-96
45
-33
54
-75
39
86
-99
-94
-3
40
-39
22
45
-23
94
98
-87
-75
-60
-62
28
-56
-1
-13
-60
-99
92
-94
8
96
-73
15
-96
-86
30
40
85
96
-75
4
-7
24
-84
31
-55
-6
29
59
-67
33
-56
-17
40
-75
-66
-67
-16
-26
-1
96
-40
53
33
94
-23
-21
-2
1
31
39
30
-17
67
-32
25
-22
83
-9
-73
-51
-93
-36
-48
-32
-61
-60
90
90
59
-12
-25
-82
73
56
46
-65
-88
5
-92
-64
-46
-42
42
-6
83
71
78
96
-49
-90
-51
1
20
33
-57
-30
21
-29
98
74
-15
24
-27
73
-35
80
43
-48
-25
62
49
69
15
-87
89
-80
99
80
51
-80
82
94
-34
99
-57
-59
-16
51
62
-80
-79
3
-14
59
49
-89
-59
-96
54
-17
-28
-28
-15
-13
-74
29
-55
-16
-90
27
-46
36
-52
-30
-41
60
52
38
76
-83
5
56
-20
51
-20
29
39
-37
-93
50
-35
-67
-84
58
91
-95
-12
14
94
54
8
-24
-67
74
72
6
74
-11
-37
-51
79
-47
-52
-84
-80
84
-74
-23
42
-68
-76
-99
-95
-19
86
-49
-53
92
-97
77
-35
62
55
-4
-95
-64
47
-25
63
98
97
-69
-11
78
-99
-77
88
-13
33
81
-86
53
-53
63
-55
-2
5
-87
-98
73
-37
-65
84
54
-66
66
-59
-55
25
15
72
-31
15
31
-22
-95
-78
-87
12
89
62
-60
97
38
29
57
67
-29
-44
-69
73
74
96
43
4
-19
-45
-7
-85
-11
50
33
-32
88
18
