411
189
-31
89
-12
79
-93
30
94
-42
-57
57
95
43
-60
-85
55
-16
-81
70
-22
-62
23
-35
-53
46
10
17
1
53
2
-30
-41
5
-6
-56
12
79
-15
-44
51
-10
97
67
-20
-20
-97
34
24
-63
-85
-100
84
-69
-28
65
-56
-13
79
-31
61
-84
-51
62
34
-60
-46
59
-92
-67
-58
-20
-86
-73
95
-24
11
67
-73
41
-20
9
-22
-15
44
34
-65
-92
-33
-65
90
89
-62
81
87
-11
13
68
-13
97
19
26
-79
23
-35
39
-38
75
-66
59
-73
-15
-100
-1
34
-20
96
-49
15
88
33
-27
-39
-35
-59
-40
-63
20
35
-14
19
-3
24
90
25
-21
-10
-6
-24
-93
15
89
67
70
-57
51
-18
-50
-90
37
-72
-64
-94
-22
-98
-23
-42
-42
-83
77
74
-88
-83
27
-64
-82
49
-58
-15
-73
-99
-28
-18
-95
-85
-8
-74
46
-36
36
-87
91
12
-59
0
-84
-59
2
-73
-96
64
21
