58
1160
31
-84
-14
-4
80
-5
22
3
86
-87
-91
-21
74
67
51
40
5
58
-40
8
-62
-41
88
-92
46
85
35
49
-32
65
-28
-32
90
-99
28
88
81
-91
44
-5
39
7
22
-7
98
47
-76
3
41
-23
93
33
-100
-81
-55
-64
-21
-47
-55
50
42
81
84
48
8
14
28
62
17
37
34
60
77
87
2
45
-50
-13
27
16
79
93
-94
74
29
-98
71
-36
41
32
-83
-96
-59
63
-92
-70
12
-55
-88
-94
78
40
78
64
11
7
-36
93
-68
-37
-56
-44
59
-24
-28
-14
-81
-26
89
-27
-61
-71
-32
-16
37
84
-12
72
-9
18
-1
97
-3
-2
-97
32
36
88
90
44
-83
22
-31
98
-35
6
-93
-17
15
-40
-5
93
-62
61
-33
52
97
-16
-20
-71
94
73
82
-18
58
2
64
-68
-3
-74
15
-82
-16
54
54
83
-43
-75
53
-41
8
-2
44
-33
10
-75
-30
7
54
-59
18
-20
96
-39
72
-8
19
-38
-33
75
46
-43
-74
55
19
48
20
53
-26
-47
-33
-31
-30
-97
-84
-84
31
-6
77
-19
-62
-91
82
-20
91
27
-32
55
-78
-83
-29
29
-82
-72
98
-93
72
54
95
93
-41
-96
-62
-36
-14
-7
-21
82
-1
-24
84
92
79
-1
-57
37
-13
-62
-47
-12
-51
-95
54
-70
15
60
-93
-6
-94
-29
-70
68
-31
-80
-72
-46
84
-83
92
51
98
-63
-85
58
-64
26
51
56
45
82
-87
54
97
-45
13
11
21
63
-54
52
2
-70
-46
66
8
-44
8
-49
-55
-96
60
1
-84
-17
-92
-50
-62
89
-50
40
-71
-86
-45
-10
90
-77
87
76
-90
28
96
-53
-53
15
81
24
-96
-82
44
48
87
-22
0
1
-50
36
-55
82
29
-6
-90
-50
-48
-62
-50
81
67
-1
21
-20
-91
-13
11
-56
95
2
-93
-68
-91
-100
89
-64
-50
81
-62
-84
62
-50
-39
22
55
6
-24
98
-23
25
50
-80
-81
-11
-12
21
-76
31
-87
81
-37
-65
6
2
2
14
-87
81
39
-71
-45
88
-3
52
59
-31
-65
28
-43
57
73
-12
-21
78
67
11
-71
5
-8
26
85
40
41
88
35
69
18
-100
-64
91
7
19
4
-26
1
82
34
-88
-88
-45
95
98
96
12
-92
25
-31
-1
-23
-69
-81
-44
58
-80
91
82
-37
-62
-18
-17
-82
-67
-34
-80
-93
94
-74
-72
-71
39
-95
-51
73
-3
78
94
-20
-93
-37
81
23
-42
-59
33
-39
24
99
14
2
-63
-47
57
-50
59
51
6
77
-28
56
19
-49
54
5
78
37
-53
3
-92
65
76
54
-81
9
-18
-34
29
-16
27
-77
40
99
42
67
-50
-48
-13
9
-31
-41
-3
78
13
57
-17
68
-73
-51
-9
-8
-76
72
43
-82
-9
17
42
-72
9
-18
81
-74
-71
37
-70
-29
-73
53
-31
41
-26
-22
58
-56
-100
13
-31
-19
-15
75
-59
26
86
45
44
40
-12
9
-27
-45
-18
1
-33
-66
31
16
97
6
33
-91
27
94
-35
86
-26
-30
-61
86
-40
49
-71
-40
-21
-65
34
-28
-84
25
36
-26
-46
-24
20
-78
-90
11
-66
-99
-81
21
-41
28
41
15
97
72
69
-33
-3
-8
35
79
-6
-6
33
32
-32
-67
41
4
-78
-32
-79
-65
-47
43
22
82
-42
45
-56
87
19
23
-55
-75
-75
51
73
4
-81
-17
10
-40
54
14
-7
-56
-7
-12
7
-3
-20
-28
14
96
82
-73
-21
-45
66
33
12
9
-20
78
95
-95
-44
67
64
16
50
-87
55
34
9
81
22
2
94
34
5
35
89
-50
19
-99
-20
-38
48
29
91
66
2
4
84
-43
81
-28
-97
-46
11
85
-30
54
11
-86
81
-93
-82
-89
-99
76
-18
-88
-72
-81
64
57
-10
-71
-35
-46
-63
36
61
-84
64
-71
-32
-54
54
-45
-88
0
-68
15
39
-16
-60
-67
88
93
-16
78
18
-82
-94
71
69
-60
50
-68
85
39
22
-32
34
-2
42
88
-7
65
40
49
-7
85
6
-9
-53
5
-38
45
-45
84
-51
72
95
-92
87
21
-20
4
-95
-48
21
-41
-23
66
0
76
14
30
2
-61
1
80
-66
17
-24
-55
-10
-9
-44
-44
30
40
-20
24
93
36
-2
13
70
36
27
79
26
31
1
-84
49
-25
48
29
-12
-62
22
38
14
44
93
28
55
97
64
-65
33
-56
47
-90
97
87
-63
-78
63
-36
-73
35
-75
-68
75
-57
89
73
6
-8
65
-60
83
-83
-14
30
-53
-40
-97
66
-86
98
-90
-88
4
30
18
-22
-66
-15
-46
23
-14
-55
-75
-68
26
-48
0
-31
-22
-69
61
67
95
-9
-63
-88
60
68
82
-47
87
-38
18
13
16
-98
0
31
29
-82
70
92
-11
52
17
97
87
-10
-98
-33
-27
91
31
36
75
64
24
83
99
73
-68
-19
-13
-48
-12
75
32
73
18
69
-14
68
73
30
14
56
-55
48
95
-73
-13
-52
3
8
-51
-20
-13
98
56
-40
66
60
-93
83
77
18
-37
-90
-37
66
-71
-93
43
57
-99
97
-21
-66
71
75
41
94
-99
-46
99
76
71
92
57
-68
58
-22
37
59
45
-77
15
64
8
25
-10
14
-75
5
-59
-1
6
61
-84
-13
10
96
-4
79
48
-27
-3
-87
42
-3
51
22
-70
63
73
69
85
-2
87
16
86
81
66
72
38
66
-16
-86
92
58
5
81
-46
97
-42
-83
-19
-76
-43
18
79
52
93
-95
33
-36
42
-74
-28
17
2
-100
-54
59
33
-30
-59
-36
77
-3
34
7
-73
39
-40
8
93
92
-31
-88
-21
64
-90
-12
-45
-9
-56
-13
-84
-92
-38
49
-39
18
-90
-53
-28
43
-16
42
-11
-74
76
-4
29
77
-30
28
37
80
57
-47
-70
82
-53
-50
85
-28
88
4
-25
-21
-28
75
-75
-25
52
32
93
5
-79
15
29
98
-98
10
