20
12.179818058387992 1.0198832874170671
55.33003101092001 99.68650745283561
38.76413279635715 23.359063318464667
14.858411786102055 60.85608398968153
97.50287308919674 4.45029245234021
26.292967906036 40.396942284320836
46.56996343605782 98.23972601481223
58.87006477671647 96.60567694440864
7.118186201971843 82.20194366877533
68.87181704111403 14.990018427139617
98.47013527309575 3.216953747555229
90.7480648986641 8.521977994819064
60.828881853274375 48.86524149255143
1.5331069181034551 61.99865271444342
75.72333644702749 85.51674953925223
86.9504659203325 39.12012960530921
84.73277846072496 40.90012907920069
73.24541260060643 94.15221722928433
41.17487351552811 94.99493892244186
68.70988382610392 42.36391329911615
