30
95.01592961552277 51.170052858962556
10.6414309697082 18.46161682439339
38.44993835422172 46.91037916686726
29.966609470884244 84.35066705435739
57.855916286641026 25.179598753305786
98.62330995781723 29.985899047970467
58.413292891933345 58.7002085988147
82.72115884154866 85.51394573768295
5.175489839412184 81.23271896405151
88.27752238801577 41.05020958100848
71.3793802849722 75.17730293554916
47.91296515608868 89.33914414001156
59.01320240962213 0.2878604919574035
29.5733413549498 30.157496408481165
54.777616227693656 87.98924602618115
49.740170144677634 47.67801877443378
13.510624841768859 54.33832856924632
57.58642496140457 50.29437639454115
6.232387902849457 66.45907016359304
22.620661399960106 47.18996496537458
77.81145280916698 72.41327028535326
50.40419555695125 7.7303697451961195
98.3849663466701 97.35077956371956
67.141384934047 83.7642089472584
12.577260584283511 39.83213987327752
68.5469333062261 38.397491836329564
3.663646319675795 56.792475739223335
40.70216146319555 2.5765483796351796
50.09525442220853 82.54454117445623
59.89706629104048 32.81234802621644
