60
17.364891031162376 64.08340539856785
7.252560966089028 92.5319337266997
95.5111696301736 76.48819223926807
9.550106122186753 89.5792161325405
20.464360300118777 29.546564025702793
89.54652718534527 45.724791298145995
2.0692028809245255 4.6546524721236775
35.37392537165817 11.351099911714124
24.222285425702417 57.87698659782017
37.09139536140046 10.266651227697999
64.25558931806137 82.93832096613053
22.83776386336338 43.01149975702232
53.0064001092961 97.66722004759734
27.57272567080784 56.380858916945144
46.5670816836714 41.11373661445936
45.83544349659413 86.34776245104366
93.54342584489514 62.50935111067862
69.51607130494224 2.3912743903477973
67.68603803318636 55.92340942809572
57.4916018200191 83.45547245672272
76.83873037427192 90.48608526293998
2.55372625761332 20.38841790470731
11.392428674642762 16.640856201332667
90.20645389112688 13.329954717059334
15.103013794366404 97.65581206374797
83.06075915192498 34.332266318454394
63.16243703695943 61.46960465742396
73.98774131368998 41.98532292263106
43.91935933189954 61.09360566515135
13.298122621181186 69.24343831395785
64.16494388780981 74.2046051554188
96.96839937979443 71.36763397361365
21.17046363520718 5.432450835985813
48.265364232667274 91.33598617689181
61.58361185986205 17.125399467999557
93.70313134086717 19.011460901717737
99.07218681051691 24.145072646156017
90.65686020022875 65.36296905881345
9.656269939588647 14.885683563906404
90.61287735909497 11.58302743086066
89.36865124545238 22.171968137298414
45.60417219628541 7.679297396824025
68.23686925556942 2.3318193619784933
44.15109549310577 97.28283161965507
38.85647113863365 28.030845797990413
66.6242885989448 72.86863280240127
62.60317351979925 54.0552911943592
23.48103353063562 40.01853837488717
99.25922940119948 22.792081247577546
53.5645381810727 92.41000518328329
60.84538895597672 26.330388650393555
80.21613462162944 88.16438321654341
29.670426981245633 61.05697921890712
19.6260983445793 89.04959072692334
57.065499033544754 85.90213342247615
46.68915447157595 68.94295381532267
44.088660149764166 97.8603964165815
37.074161840140306 44.05646744772864
15.667351283282615 23.93049313008443
3.594784456456601 84.74504480276883
