80
51.09667913759627 60.21030013638244
28.0979849483902 24.219778344280975
2.1172112004375965 25.059972474283065
58.07850968871323 89.14080089080677
48.12662176861965 10.362372270329567
68.4004484275267 71.11174624618299
16.7754368451705 53.02506128317357
88.50058982477385 74.78902274744522
24.42241353887936 82.34570002731525
76.89608963215603 70.24189799391067
33.01046449657645 68.3748823739325
50.36890959035689 49.50688051174893
46.11547378655138 84.8615519983408
6.822053979216713 89.4392967992508
67.88294153045487 26.989009488532634
18.02188087269715 32.66986025288071
25.98345180074486 76.7739998113353
51.70708151064155 7.1988912447143445
34.48951403409677 71.44215545036144
24.783533773253918 88.58253722385632
58.78367763825315 96.87121407254755
12.681388017178053 13.935227532533556
80.65637211955607 13.803685037988622
27.118575976086866 15.410434732922917
87.33555345619493 66.94765195576117
97.66237302041516 53.2788680500576
78.82313102771401 88.85514864240652
5.914196726765519 77.2392046736815
75.22065161831166 50.18913964581506
16.628567767277914 82.64132554289104
13.06219250042371 67.58455607021718
5.7386421268995065 99.49920637121758
62.59480617005062 57.06962789191022
18.719225132632733 3.1938470487031467
66.86391806908833 93.18961263834093
51.07365679806931 80.82879984807944
23.55533422069398 0.03142834095504199
11.412519141041233 67.02383124317731
29.07086333234783 45.43205242560842
26.34748697377495 62.501410781299185
33.613120389988026 79.95290460762317
67.22923837343593 28.417231162772715
9.539518389189494 98.71499808953546
35.20813456859966 34.161265613808226
62.23151336427162 94.72540552924296
46.086473300163064 66.79165620165548
26.656598923328477 36.287436355885504
38.90059179124158 84.17370323564165
21.61036644197476 91.71077144014303
65.70599775783886 4.627677495481208
64.50873025732554 47.858329699466395
65.80897230057788 90.30465777142601
99.77243418816312 50.255670105240505
20.460519454357772 75.54974696531245
57.70468188523557 25.813011961903342
26.643512016215166 3.0226777515149683
44.55287450154535 25.792713647906474
24.398946480556237 44.8853544573495
50.22856000843808 8.244168097210181
99.3625969009592 37.05534983924073
18.512242116384957 19.479917223491817
9.770316948958902 8.653123710436383
1.2991663197607584 76.97175118251819
74.42671634201969 34.22038548534642
75.6499763039887 17.241743087093553
56.7716894756662 49.79143350572179
11.004535205312305 73.87448589448012
85.36735868275076 43.707049246134524
15.387701780131147 30.03521488017625
25.248800269258865 24.706276833691465
94.7426493869225 54.7383456393782
92.84976513475026 74.00029053479446
84.5680497956926 59.40768256716411
46.78100459289713 38.31483691186971
84.19919006557409 52.364616331126655
77.79381590016649 52.350255437509844
63.55544973985536 70.9490175463533
10.204902279536599 33.30312861432058
96.54317791084289 23.46923934506975
34.90873748812176 77.48250883698363
