14
1178
15
55
-90
91
-1
71
-7
-86
86
75
54
44
78
-96
25
-69
-48
61
-17
40
95
34
20
-38
-63
-29
97
66
-46
45
16
-11
-42
90
52
15
56
-31
14
-74
4
77
12
-82
93
-97
69
-30
-10
79
-88
-87
-35
84
73
-9
-53
23
6
-8
28
-35
32
68
-10
6
78
10
-93
6
66
-85
44
29
-3
-54
-58
49
13
-98
81
-98
63
47
-54
-82
18
66
74
-24
12
67
58
0
28
-2
-79
-21
-49
76
-26
-82
-14
-29
64
-6
9
-72
69
91
63
47
-51
79
-84
-58
96
26
-41
81
24
-37
-11
36
-83
-5
-37
-63
70
74
3
75
35
-18
-3
-53
-36
-77
-14
31
-56
-58
12
75
-36
-86
-10
-21
-54
-19
53
-43
36
-40
-100
92
-95
-81
-22
18
-79
48
41
18
-38
55
-57
-41
98
-48
-17
56
-5
22
28
57
37
-6
38
75
72
-71
-64
79
35
-10
44
50
28
96
-81
-16
27
89
-58
-2
36
24
25
-75
-67
-8
-30
-70
81
-80
20
65
53
6
21
49
83
69
67
64
45
40
-59
-35
72
31
37
62
45
38
18
-44
60
3
56
17
82
1
25
73
-16
53
32
93
-63
76
11
-41
-94
19
-45
94
48
-10
35
29
73
15
36
91
-67
66
67
-76
-100
44
45
-28
75
-88
-27
-75
-61
-41
-38
11
85
-93
-61
52
-60
-3
-77
-47
53
12
-28
15
-66
44
-31
37
-60
-78
-98
95
-25
-71
-80
-99
-15
59
-72
51
28
-19
-45
78
-36
-51
67
2
93
12
-50
-35
5
47
86
63
-97
-92
-86
-53
23
60
-47
-90
-23
-93
15
-91
64
-41
-70
33
-71
79
-43
60
99
34
97
94
-91
-46
74
34
-15
-22
-5
40
-49
57
65
-78
-33
-40
75
-9
81
-58
-77
-77
-75
85
87
-71
85
99
-68
-78
-46
99
3
-26
90
-43
-45
9
-64
54
-1
20
33
28
57
84
35
93
66
17
63
-8
46
-45
93
90
-72
98
-29
-97
-95
57
-100
64
-12
1
51
-49
-35
-40
6
-31
90
-29
-1
49
-24
-63
13
-20
-15
-83
64
-64
22
-42
5
93
6
6
-95
-3
-96
23
44
-43
-19
-38
26
50
-21
84
66
-65
28
-46
-13
99
71
97
-84
22
-61
78
95
76
46
-26
-5
-18
97
35
-32
54
-1
50
-21
-9
-67
83
-26
96
87
1
99
-100
-48
79
-40
37
13
60
94
-55
89
89
-94
61
29
-98
-59
39
-24
73
-62
2
18
-77
-96
-89
51
-48
44
-97
19
32
-36
-90
-30
29
-9
-73
-83
51
-27
-21
94
-90
45
-90
65
-69
59
-13
84
-42
-65
99
-55
34
-12
36
-74
-57
-43
72
65
72
-74
-88
66
47
83
-29
99
-15
-82
-9
-21
-1
8
-59
0
14
45
-7
-50
32
-15
-91
60
-8
-100
64
17
-94
-100
76
-58
36
-32
-58
57
-96
-61
-70
22
28
56
34
96
-15
66
93
54
-14
-48
-31
40
-41
34
-23
-49
37
-26
-70
84
-51
26
-92
46
25
89
0
-85
25
12
20
83
-11
-17
-35
-98
-19
51
-39
66
-44
-8
-81
-81
-9
71
-35
79
-26
-29
64
2
-68
-26
89
-79
-56
-96
52
74
-34
10
-18
24
-96
1
-33
69
27
-11
-41
-41
58
38
-88
91
-50
96
-4
35
-65
44
-49
83
-89
-68
26
74
68
47
-44
-67
-1
32
46
-52
69
86
-1
14
-60
66
-19
83
-29
18
-84
-46
-18
24
-97
-35
32
-66
-90
17
-87
-54
70
-76
2
94
66
35
-77
-22
-96
-93
-66
-15
-87
7
-61
17
-75
47
-10
67
-66
18
-44
39
-68
62
-35
-8
41
56
-61
-99
-61
-51
4
73
-31
21
12
-75
18
78
21
64
59
12
18
-71
-58
-95
-91
-38
-31
91
-27
-41
-96
87
-74
32
-96
22
79
50
10
-32
-26
-49
-32
36
1
72
-20
-69
58
53
19
-85
80
17
-42
-96
-79
-7
-32
-15
-65
65
13
21
-17
44
98
-29
33
71
-27
-48
-8
32
-100
1
-41
-13
-73
41
42
63
-65
51
-8
-75
71
61
-46
-69
-30
13
-44
-68
8
51
-64
66
33
-83
-63
4
60
-84
45
38
6
-87
86
99
-74
60
-94
-31
84
-32
0
-50
-28
33
-74
-37
89
0
89
94
52
-73
-85
-52
-12
85
84
-20
91
-27
97
84
-2
91
-33
53
2
-11
38
-28
19
-32
-20
-95
-52
-100
96
6
47
-8
-50
78
-17
25
84
-9
86
-31
92
-33
21
51
-25
95
13
44
-32
71
-36
-24
38
-60
-74
-97
35
-16
-7
3
15
23
-17
-31
-6
61
23
35
52
-22
-9
-51
61
-15
86
89
68
-36
13
-96
59
-58
-35
-40
76
-92
-76
-24
83
25
-99
-42
-59
-95
34
39
-74
-2
-48
-2
-72
-18
-5
33
-56
-9
66
79
-91
38
-65
-15
-60
13
78
-66
95
41
-2
-98
82
37
-63
-28
-39
-17
63
-19
46
73
73
-3
48
22
-16
-21
-39
-21
19
54
89
-20
86
-93
3
-25
-68
36
99
62
-34
25
-34
-25
51
-95
-88
-54
31
93
-28
0
85
-53
55
9
93
-56
67
30
-37
9
-98
81
50
30
51
-77
87
23
31
-20
5
-51
-37
-15
-72
-54
74
-50
-27
-32
40
95
-62
41
69
35
-69
89
6
-12
53
-85
82
-86
-81
-54
43
59
99
-93
-66
27
-10
-93
8
93
-23
38
26
30
-14
83
-98
53
-9
-76
89
42
67
0
-26
-55
-38
37
-10
13
-67
-16
64
66
86
-19
49
40
-95
38
57
-39
25
22
-53
2
-45
-25
97
-41
72
-93
-28
-21
-63
-12
44
-25
-83
-70
-32
-80
-11
58
94
-50
-1
-54
-50
-100
-9
-7
68
-19
-88
55
81
84
-89
35
55
-13
45
10
4
14
-86
-30
82
57
-38
18
77
13
37
-99
25
56
-4
-29
95
21
3
-1
-15
20
13
-37
-76
-5
-54
82
1
11
-85
-19
-91
78
-39
-20
42
13
6
65
-77
75
-77
31
