51
2784
-72
20
39
21
57
40
-20
-23
53
-82
65
-61
71
73
-63
-64
-85
16
16
-23
20
-79
21
-63
97
-65
-3
-39
16
24
7
-78
25
-4
97
62
75
70
27
-83
49
53
-32
-12
-65
34
-47
-89
-20
-24
-38
75
-83
-61
1
-62
93
-73
-54
84
-94
21
11
79
-51
14
-100
-36
-62
-21
-53
83
-58
77
-8
-72
-96
-87
-74
98
79
95
-60
9
-33
-32
-30
-5
-79
65
57
69
34
67
-16
-46
79
-36
-19
-60
31
-54
66
86
-46
-44
61
37
-14
31
53
-50
70
-9
93
80
-33
-6
40
57
-95
39
99
-94
-33
-25
-69
39
-15
84
-34
94
93
-58
9
45
-89
-84
-29
-65
9
46
-87
-69
22
96
-18
18
-23
-15
73
50
-49
12
17
-23
15
-62
-57
58
-84
40
46
1
32
-24
-66
57
54
-29
33
-92
-79
26
83
73
-99
76
53
35
71
66
45
-27
62
-70
55
-54
-70
54
-21
19
-95
-20
91
-71
23
55
89
4
83
28
-40
84
58
-58
-54
-17
-14
41
-63
-99
-10
58
-71
-92
33
87
-65
42
-24
95
-44
-74
-40
-63
7
32
-45
-32
62
31
-49
40
97
-29
-78
-76
-99
80
-21
-48
55
-14
25
3
11
-46
-2
6
-31
88
71
-53
-43
-15
44
-75
36
45
5
-13
-10
-90
-54
-48
68
86
-61
-72
98
87
-60
-1
-34
8
77
-88
-93
-37
74
-99
-51
-97
73
-84
-55
58
40
-95
-35
-61
-59
-16
73
6
-63
6
70
56
-63
20
-21
-65
43
-51
-97
-37
74
87
-9
16
2
-43
-98
-30
-63
52
-36
10
28
-11
36
-26
24
-2
31
-81
52
87
-57
-57
15
-15
-49
-92
57
44
70
-57
-96
-55
-31
27
91
-53
-65
-80
7
25
-12
19
69
58
-57
96
58
-75
-17
51
-61
76
-40
-27
-62
-75
-75
-67
-31
56
70
-23
-72
90
75
78
-85
9
-26
67
73
-36
-71
26
86
-25
43
-79
6
47
25
28
-87
49
57
-5
-6
-78
-65
87
34
52
-68
-57
-43
-13
-48
87
-85
-21
86
82
-49
-27
-35
-70
-91
-58
-69
-91
48
25
-92
73
-89
-52
64
6
23
21
-35
43
83
-72
82
-86
-31
17
94
-33
-89
57
-25
97
26
-22
90
52
24
37
-12
58
-71
-72
58
-5
45
98
-69
77
59
52
81
-38
-51
-7
74
35
-41
91
79
48
68
-4
69
28
8
93
18
-8
-72
80
23
12
-38
-76
50
-75
22
28
68
86
-98
23
-9
0
65
-19
45
-13
23
-91
95
79
52
-43
89
90
78
35
-60
52
72
52
-94
86
-9
-38
-49
95
-20
-9
-18
-67
90
62
-50
61
-27
38
-33
41
87
-79
63
2
-90
-81
-33
-20
68
-64
-3
87
7
83
-46
8
91
-53
-73
-6
11
31
96
13
71
48
76
53
61
47
56
-46
-69
-99
-53
63
-87
92
-15
-39
0
-69
-65
96
-94
-58
-33
9
-84
22
-83
-24
-30
49
-20
-29
51
-77
-18
-57
97
18
-78
60
35
-93
-2
-45
24
-68
-82
-76
24
14
45
5
1
89
95
-92
83
-30
60
63
-52
47
-15
21
66
52
15
-18
-64
-82
-37
49
-26
-99
-60
-7
-64
-44
88
-24
38
-80
-11
76
0
73
-54
2
-12
89
71
-69
99
61
-64
7
-70
-14
-26
-84
68
47
-3
-87
39
-11
-50
31
93
-16
-97
1
89
45
53
-97
-30
76
63
-60
12
-58
-33
-71
-37
65
14
22
-74
-95
47
60
-88
-95
-49
-72
56
-94
-38
58
-35
-45
-91
-68
-96
-16
74
91
-78
2
-3
-34
-74
-66
2
94
38
27
-48
81
21
27
98
-5
-68
-10
39
26
15
-95
-15
68
-84
-63
14
29
88
-2
25
57
14
-77
-32
-69
-87
5
69
-91
12
-50
68
-87
-93
-81
-92
15
-15
-83
78
35
94
-69
-52
62
-85
-42
79
-24
-82
-32
58
64
-13
96
-73
0
-19
-81
-23
-50
-15
-95
-41
23
69
52
-29
27
73
98
23
-71
82
-19
70
42
-8
46
-2
21
-13
83
53
72
30
19
41
2
-46
-6
-79
78
56
-91
-86
-98
-61
91
-69
-57
85
68
-99
-17
-76
3
-96
-81
99
-91
-61
-47
68
-90
15
22
-19
52
3
8
-51
-29
-82
-34
77
8
66
37
4
94
8
3
84
91
-81
12
78
60
68
-15
74
-76
4
26
41
85
-49
-3
3
96
-22
-20
90
71
46
-26
59
-40
49
-88
0
90
60
3
56
14
75
-45
33
21
-90
53
-82
-73
46
-62
43
36
7
25
-60
65
29
72
-3
-23
42
-51
-34
-37
82
99
18
-33
-75
78
14
18
97
-71
-37
-34
22
81
-11
-74
-6
-72
11
-12
50
-95
-15
-36
-61
-37
20
40
-17
80
-35
56
59
96
-45
-44
35
37
22
70
-73
46
-74
4
-1
25
65
-2
-85
-66
-24
8
43
-64
-47
93
53
1
21
-57
-39
68
64
71
41
65
-58
-27
92
-86
66
-37
-9
41
33
52
66
-39
-15
-81
91
41
-11
90
-81
-89
82
23
-76
26
-22
33
-82
99
-69
5
-74
-72
-54
-98
37
-30
-83
-55
39
93
51
-89
-56
55
9
-49
82
-37
50
-9
76
-31
71
-65
-52
-54
18
36
72
75
81
3
32
57
70
-7
89
92
59
84
17
19
-77
-67
-69
47
-78
84
46
24
-27
94
52
-92
-12
45
80
76
29
6
-63
20
-8
-42
-27
-100
97
98
1
-92
41
-100
60
-73
68
28
-4
-40
-91
-2
77
-89
77
-84
-81
0
-83
-20
54
-83
33
-76
38
-40
7
-27
73
-80
94
-6
48
67
-73
87
-13
80
50
-82
16
36
39
78
-33
-30
-43
33
-5
-3
-62
-15
48
77
63
-55
-84
46
-99
-60
-77
21
37
7
50
83
-22
-40
56
2
-21
4
-56
50
-26
50
-52
-98
-75
-37
-26
5
74
80
83
-62
55
68
-3
-83
18
31
60
-52
-63
-26
61
79
-84
80
-2
-13
61
-94
44
-70
63
1
-8
47
-28
11
-47
-37
-13
-83
-84
-10
44
59
-58
71
-61
90
14
-57
-29
2
-14
25
96
97
-94
67
-49
-94
-68
14
5
37
89
-88
-62
88
-32
78
-37
28
-58
63
-23
-31
59
-75
-77
-23
21
38
-82
54
-11
-13
-73
-4
46
-98
5
-79
8
95
52
-63
97
-89
-53
-95
54
-1
17
49
42
79
-30
-49
31
-37
-88
69
85
-85
39
21
23
-80
-66
-15
-1
35
-75
74
-42
-47
-92
44
-90
-87
-66
-3
11
-82
-4
-24
-92
-79
-39
-38
59
46
-36
-88
8
-44
20
33
-70
-40
-53
63
73
1
44
46
-31
-85
31
-93
-9
-100
85
-63
72
-92
-48
94
85
70
63
84
-16
80
50
-42
-49
58
-73
-41
-84
-39
-4
-22
-77
-71
-72
8
-59
6
-18
-26
-51
-67
-26
92
-64
84
-66
-43
-34
-15
30
-55
65
20
3
67
0
57
-41
-4
53
-98
-52
-73
36
82
30
-46
-33
96
-3
-95
56
20
80
-36
98
39
-46
11
-27
21
-64
38
13
-10
34
-34
-37
-18
-14
-33
78
-45
-93
-99
-33
-40
0
79
-23
-85
-25
54
1
89
-45
74
-92
-55
67
-30
-91
29
55
-16
-18
55
28
78
89
88
-2
44
84
64
75
83
53
82
-60
59
-24
-48
-6
-45
13
-23
-63
16
85
30
-9
-45
-44
71
-84
-40
-12
48
33
-76
63
-79
16
-1
-11
-25
74
27
75
11
-2
93
67
-75
7
-98
29
-5
27
-41
59
61
52
-23
-69
-53
15
15
-14
4
-1
-20
24
-89
-90
5
87
-34
-28
-90
75
-21
51
29
-14
9
62
-98
-44
-69
-25
28
-54
-83
-89
-13
-91
47
6
46
-2
-44
51
69
87
14
-7
64
-28
-85
-16
-47
-67
35
-88
-56
-52
65
8
80
-54
78
14
-53
-55
-88
61
-51
-18
-74
32
25
-33
-4
-29
58
6
99
67
-100
-1
79
59
-92
-100
44
77
-31
17
-19
74
3
87
73
-92
97
-64
4
-53
87
-72
-28
-56
-9
-97
64
-22
-29
-94
96
-10
-58
-51
-16
-81
-12
-20
-85
-11
-73
51
-3
13
91
89
45
-92
-56
68
10
-95
8
-59
84
73
-52
-64
-67
74
-55
6
-11
59
-26
94
-36
44
-47
74
-65
-83
54
58
-41
-80
-27
-90
-3
49
-5
-85
59
-94
-11
-58
-22
49
-30
-90
-69
63
1
56
27
-57
15
-60
73
73
-88
-50
39
44
-14
78
-94
84
-100
-74
11
84
-71
26
98
75
-8
-68
-68
48
21
-67
-88
55
-49
2
41
35
2
-56
41
-10
-21
73
-62
-38
28
85
-79
-78
93
-57
-94
72
-92
-39
-99
36
17
58
-86
-72
36
-31
-64
51
40
-38
85
72
-74
94
44
65
86
-59
-84
88
-64
-58
-25
-52
-5
-51
46
-6
-52
98
96
29
78
-59
24
86
-24
-27
57
79
25
-58
45
56
94
64
-33
42
-11
-43
89
-31
-61
5
-53
7
16
24
58
24
23
-42
-89
88
-95
77
27
-34
90
-7
-96
71
-80
28
-20
-32
27
-39
-13
14
91
-86
71
-81
-62
62
37
21
-24
99
-5
42
41
-53
12
-49
3
46
83
-22
99
-79
65
41
-42
74
42
75
-2
-36
40
-25
-39
-46
-13
-92
-49
-95
-38
-48
-78
64
32
-86
14
28
-92
-68
-24
-96
81
13
-38
78
-23
-4
48
-9
-26
96
96
-26
40
-43
52
-82
91
-32
-4
-61
-29
-15
-85
46
-32
-8
45
-59
-18
26
-54
-82
-1
-26
16
52
-23
-96
-4
-15
-25
-3
39
18
62
96
-3
55
29
-55
92
23
90
20
-32
14
34
-65
12
19
32
-28
79
-84
-61
34
37
45
99
22
53
-51
-95
-30
54
67
49
77
62
64
-18
86
-87
-72
-1
-88
-3
-88
2
61
80
-19
93
-29
20
-67
-29
-85
-73
-48
66
-77
-14
-73
-50
-29
-96
-6
95
-24
-15
21
-57
6
-10
36
80
-43
-13
-63
-99
20
-77
-8
30
-17
25
-12
-73
40
-83
97
34
-7
5
-85
34
31
87
72
83
-45
-92
61
44
14
29
-16
52
93
30
63
13
58
85
5
-72
0
50
-1
8
64
-59
-100
15
-9
-76
5
74
-83
49
2
27
-21
9
4
28
-10
12
88
12
43
91
-57
62
33
-73
-77
-38
88
94
88
76
81
-99
-84
-19
91
22
6
-18
72
-46
66
11
21
-92
-27
-41
49
59
-78
16
97
62
91
-38
-96
11
19
-82
-64
-34
78
25
-16
66
-54
97
77
-27
-84
-14
-83
-81
-100
8
47
-74
-47
-97
-28
-31
-56
64
34
-38
78
-32
49
-81
36
71
73
54
79
3
21
37
90
-26
-2
-68
-28
-86
79
16
38
-65
-35
-27
-29
-92
97
-90
-29
76
-74
-58
-13
97
-19
15
-43
-89
60
81
32
-79
49
64
81
-7
-50
-61
-18
38
-64
4
-95
-5
-58
46
-97
-33
-75
-70
-11
68
9
-92
44
-80
92
-85
51
-45
-47
-90
27
-28
-60
94
-58
-86
-58
91
-43
61
-98
54
-48
77
-73
-85
44
44
-81
-88
75
-82
-62
82
14
73
24
54
57
-86
53
21
-81
-77
-13
-92
-59
-35
-17
-70
57
49
79
57
-40
60
-66
-32
-2
-3
-84
8
-41
-51
12
30
-88
4
45
92
53
-79
20
-32
-93
37
5
34
-67
65
-24
-46
-62
-58
62
95
25
-31
3
64
-36
17
11
-20
-11
99
57
11
56
34
60
17
-21
16
50
82
-72
-97
75
-99
59
-35
-37
-65
24
-73
-71
50
-17
-31
93
-3
25
-97
-40
-53
50
-68
-34
-41
-35
52
35
47
-92
-26
-16
-66
50
-31
46
-34
-56
-55
-96
63
50
47
26
-41
72
30
22
-1
-100
-100
-67
-18
30
-1
4
52
78
-32
83
84
97
55
92
-42
49
55
87
64
49
-86
-98
-84
-12
60
97
46
-10
-28
33
77
-47
8
48
83
95
73
-75
93
52
41
-57
-1
36
-12
-27
54
-53
-39
-76
-100
51
91
64
-96
-7
-7
-24
-10
-50
-90
7
-96
32
27
-52
-38
87
2
41
-20
-76
-37
-49
-54
67
-1
16
-74
-91
-58
-74
-66
23
69
68
11
75
-26
50
-83
-63
-72
-86
-59
-22
-65
-88
45
61
68
67
76
-83
-4
-95
97
-15
64
-64
-5
-80
88
-13
54
75
23
0
72
30
47
-60
13
7
-55
16
70
61
-60
29
-1
-51
8
24
88
-36
-86
1
-6
86
-20
-90
85
73
-43
-46
-41
-20
69
44
-54
76
70
33
-97
18
1
50
83
-41
86
88
55
58
-65
-55
30
-96
2
60
18
-29
49
-16
-53
99
47
-44
21
-84
58
-18
-40
-52
15
46
19
14
-73
8
-76
-82
-11
-33
-8
-18
-2
-57
58
-20
-66
-2
-24
39
95
-16
-37
16
7
-27
13
-89
-91
-92
-2
71
-54
-86
-58
-63
-13
-89
-40
-83
6
-54
-60
33
21
69
-6
95
66
15
-18
79
-1
90
-35
-25
-34
-99
58
69
62
81
-12
-54
-49
-26
-100
37
-80
-58
-65
41
78
-15
16
92
-19
40
-73
-85
-77
5
-57
21
-23
-24
74
68
56
-93
-72
37
-92
-25
-91
67
4
11
44
89
29
53
4
72
46
-94
-73
-83
-9
86
-94
80
2
-2
-60
-35
29
62
-79
94
-9
9
-25
-30
6
-70
-63
60
8
-53
63
-24
87
14
64
-19
38
-5
54
95
50
-99
-46
-15
68
-42
47
-68
-3
-100
36
-76
-34
82
-79
-89
46
-92
-7
-11
97
25
-84
11
-13
-23
-37
28
-100
-65
29
24
-81
-65
-19
79
-9
-2
-54
-30
-43
-81
40
60
79
-56
3
-22
51
-89
43
92
-33
79
-89
58
62
-49
86
5
5
-93
-35
12
-37
35
-8
14
-28
-84
7
-36
47
60
41
63
32
-23
50
93
54
62
7
-52
28
-43
36
51
67
-68
-64
-50
-17
-10
-87
64
63
-83
94
68
-49
73
-13
-4
9
-45
48
-60
-62
50
72
10
-31
-27
-79
-37
61
97
50
-17
-85
32
-36
-1
-86
79
28
-79
83
79
-39
6
-61
7
-1
-10
78
-59
-96
82
58
39
72
-95
41
-57
-60
-18
46
-76
42
27
-56
93
-72
-96
-33
39
-78
-17
73
-79
-67
-75
-26
9
-7
52
-6
16
