-308
4060
-6
-45
-7
-64
10
-3
94
42
24
-47
68
16
79
73
17
-93
61
-80
-27
-15
-13
-71
7
57
-5
13
-14
-95
87
10
-78
82
68
92
-69
-32
-66
-62
-40
-74
-18
37
-5
88
-19
-63
-16
-91
98
24
-63
46
-69
87
93
-9
-23
-68
0
72
84
-47
-98
-5
-93
49
32
-21
-35
-68
10
21
-93
-96
20
68
-66
-36
-22
86
54
-82
62
-29
-32
-3
80
-67
-78
16
-95
-2
-38
-70
86
44
32
-35
-24
-62
71
70
-58
-56
66
-47
-41
-19
-69
-94
46
57
12
-79
0
35
-79
-54
66
-14
29
0
62
-21
22
-89
80
-53
1
-2
-92
-1
-97
-56
64
-24
43
87
30
20
0
34
49
-98
-4
68
45
99
39
-48
25
-100
47
-82
50
-36
-42
39
20
-75
-57
84
-43
-42
-88
-10
46
62
12
13
-78
-28
37
84
-36
-97
64
97
-17
-1
70
-3
-66
85
26
-69
90
97
-64
56
-16
-42
7
4
28
68
73
95
63
65
-78
-96
-34
32
99
-38
97
60
-77
-64
56
63
-82
77
88
-36
-27
-17
12
40
-10
-23
-18
87
-86
89
39
-48
87
-1
58
-86
8
94
79
8
69
7
44
-39
2
-2
28
58
81
87
35
-3
71
24
-52
-39
-73
75
73
48
52
84
51
-93
66
31
44
-12
85
-43
92
-42
-92
-75
-98
8
-43
65
-71
76
-14
-100
33
-78
-98
71
-60
93
12
-10
-35
-34
46
-55
-69
-73
76
-65
17
-10
62
24
61
23
85
-65
-52
82
-36
-15
-51
37
83
-66
93
70
86
-65
-91
53
-71
0
24
17
-73
46
92
-98
36
-48
76
-85
-29
-37
-94
-56
77
-55
-68
-63
86
-29
61
-87
63
-62
-91
-13
50
21
59
68
5
37
-2
-95
-52
9
12
39
41
-23
-18
-63
-42
51
7
59
-86
-25
34
56
77
-54
15
-33
32
-97
25
-34
-99
-59
17
24
56
-12
59
-41
31
-10
-100
-64
-99
-29
-32
-34
-93
-73
92
-62
41
-93
54
58
48
69
59
-22
86
93
-36
25
52
63
36
82
71
-76
45
-81
27
-19
-95
76
-55
-8
-79
93
-37
92
-73
67
10
95
40
-63
38
-44
2
-50
42
-26
25
-8
60
57
61
81
-99
82
-75
92
41
48
62
15
-52
98
-80
32
-74
-81
80
78
-22
70
84
-53
-82
-38
25
-26
9
88
41
82
12
94
-2
70
99
60
49
-24
-44
-86
-68
-84
95
-77
-89
99
80
2
34
-35
80
-11
23
47
24
40
-48
-71
-48
58
-36
-100
69
-83
-11
-69
28
-39
69
-8
-56
3
56
20
-56
-44
12
-78
42
-88
17
70
54
74
93
25
-62
-98
12
68
41
-33
-64
44
34
66
11
2
-70
75
71
-67
-60
-77
40
45
-93
82
-23
-68
-75
15
-28
26
-59
71
-8
47
59
-64
-58
-23
-50
2
18
23
-39
-54
-16
-58
86
93
82
68
49
67
-77
33
25
-75
-90
-40
-53
46
29
-99
72
-29
77
66
76
69
88
39
95
-100
-15
-28
63
24
68
-3
48
85
72
-48
-93
-61
12
-74
33
60
-59
54
-80
17
-11
37
54
31
-63
64
-47
92
-18
-7
-79
72
74
-81
-81
78
10
0
36
68
18
-9
-82
-98
-91
58
28
-23
-41
-57
37
-33
6
-87
40
-44
-27
54
-38
-60
76
15
-75
82
56
16
-81
87
-39
39
-81
-7
-7
-21
-68
-64
37
7
81
-70
78
-14
41
4
30
-76
36
-5
29
64
-70
3
97
64
93
-88
53
-37
78
80
-13
81
37
20
55
-53
29
-65
-3
29
-40
63
38
-54
77
18
-3
-4
7
66
-54
23
-23
-92
78
16
47
62
84
-48
-23
7
-77
90
-50
-47
38
17
-22
55
-40
69
-18
-11
-73
-60
-39
-83
96
49
34
48
22
-2
-70
-91
-72
48
11
-45
-67
-86
-65
88
87
-64
-4
42
96
22
91
8
65
-73
12
-65
-16
-39
-90
-82
3
47
-76
63
-77
41
16
-6
-24
67
16
-84
98
87
67
-71
80
6
-23
33
-31
-74
-71
45
-70
15
9
-1
-87
-32
73
-4
98
-81
12
70
1
-52
-87
-58
-40
97
56
84
-24
-69
97
26
-29
-57
-75
51
25
-26
83
4
39
-30
1
-4
1
25
53
-20
98
-61
20
11
86
-30
-59
64
35
-28
81
81
60
64
-57
57
93
76
-75
-11
-48
42
-85
-16
43
-79
75
-31
-63
-92
-6
9
45
-81
-70
87
-91
-97
45
75
-73
34
-10
-39
-70
-31
25
43
-45
35
21
-9
-41
19
49
77
77
-30
-57
14
74
18
40
-87
-94
-97
1
-87
-58
21
43
-52
-77
57
94
-54
88
14
-41
76
-90
65
40
83
-32
68
52
-88
-92
59
49
95
11
-61
-89
84
49
39
90
-25
0
78
36
-5
-11
71
-79
-3
10
43
2
74
-64
31
-99
-49
-80
11
66
-80
26
-27
-35
4
-99
56
87
-93
34
2
-71
-56
95
56
-21
98
44
14
6
63
-80
68
92
80
-80
-4
21
9
-93
-42
66
66
-58
55
-69
43
-87
-39
-55
-63
37
-50
-82
-59
26
20
35
-84
91
-4
72
-24
53
-79
72
6
45
-92
-9
-92
-32
-4
-25
51
59
-99
81
25
-13
27
-9
70
-72
59
-78
22
-69
18
1
94
71
-30
24
90
59
83
-14
70
-11
8
-70
-11
-48
-83
40
-100
30
-19
19
19
77
-52
53
53
76
56
55
17
5
-94
63
58
51
-83
64
-56
83
-88
53
-100
-14
41
-9
67
67
-90
5
-35
59
88
1
-96
90
-89
84
-55
-88
90
-27
-19
73
-16
-53
-30
21
98
-78
-45
-40
87
-53
-40
-37
-55
-39
-31
26
-55
-10
-30
85
19
27
47
71
-31
-45
63
-88
80
69
41
19
84
-76
2
14
49
41
-1
-14
-63
-80
11
88
-58
38
70
32
-4
38
-3
47
-89
-19
-61
-64
-61
-56
-20
52
-64
-77
11
-53
5
-90
-72
67
-65
-42
44
-64
41
-92
68
42
27
92
-24
77
93
69
99
35
-64
-4
-44
12
-81
-48
-100
-25
41
-16
-93
-68
-82
93
39
66
-65
96
-69
46
-24
90
-20
57
-11
-68
-43
-48
-24
11
-9
-64
-12
-35
-66
74
36
-50
-34
9
-11
-78
58
2
54
26
12
21
96
65
41
-43
85
67
-27
77
79
-78
-61
16
66
9
-44
-46
4
-80
28
23
0
-79
9
-56
86
-55
1
32
-78
-34
-93
13
26
-59
-100
-52
-69
-4
-17
-29
56
7
-65
-90
12
-41
-21
21
73
-42
13
-96
7
94
87
83
71
4
72
38
-30
22
82
78
-32
-83
42
-97
-88
67
13
-44
-85
64
19
46
-9
4
36
66
-67
-30
89
-64
94
39
30
-18
48
-18
21
-41
75
-90
-48
40
-48
5
87
19
63
-21
-61
-58
97
-18
-87
-19
3
36
-18
13
7
71
-10
71
5
95
87
70
58
39
69
38
89
82
-94
-19
-79
48
32
-55
50
-5
80
18
4
66
-83
21
-3
-86
26
85
95
37
-77
-18
25
88
-7
88
34
7
3
39
31
-58
84
-55
-51
-38
21
-27
-15
-9
-39
46
42
-31
-83
-96
-58
35
84
92
-44
26
-40
-15
54
85
76
85
57
2
-60
-56
-77
-29
96
96
50
10
-97
-82
9
-35
20
56
-61
-48
-46
-92
27
-14
5
-27
-88
-39
47
-53
5
57
-63
-38
78
-44
56
-40
80
95
84
69
47
-51
81
1
45
-95
-21
-96
7
-51
-78
1
-18
99
-91
14
36
-80
36
40
5
24
56
-71
-76
18
76
-29
-20
-81
-57
-76
56
-93
42
-40
43
-89
36
16
44
56
-56
-1
62
-50
-51
10
90
-47
-87
47
0
-81
-90
-85
98
3
-3
-40
-10
75
-70
7
41
-15
32
1
-3
20
63
-39
48
86
-100
71
52
1
-15
1
-63
-93
46
83
-93
-52
67
90
-36
65
-90
80
36
78
59
-47
92
-94
97
-81
-76
38
-43
-63
90
68
19
-55
9
59
83
5
41
-97
97
-95
2
-26
-54
65
53
-79
36
-100
-97
-66
14
-18
-100
74
-8
-17
75
-66
8
-72
-30
-2
17
-34
-46
30
-14
21
-36
4
30
14
-75
-61
34
-35
-2
3
43
37
-12
29
-54
-46
-8
86
19
17
-45
57
5
-63
-15
72
-54
84
61
-23
-24
2
-6
-89
1
62
12
20
40
-67
29
90
-20
-79
-36
90
-61
-62
55
7
-6
27
53
55
40
55
74
-3
-63
67
16
-78
-36
94
49
-48
12
65
74
20
-22
87
-48
80
3
68
-24
-63
-68
-8
7
86
-7
66
86
-97
65
47
88
84
-6
26
-70
1
56
-91
-60
-67
-39
9
90
-82
98
-87
-96
-38
-73
95
-19
2
64
43
23
38
77
62
71
-84
-97
72
-25
44
-97
70
-61
-50
98
5
53
-55
-85
-25
48
-14
-34
37
39
51
-40
-77
14
97
-86
-58
-55
40
-60
79
97
99
16
42
58
-93
50
16
84
-76
73
-73
54
21
70
-70
-65
57
-37
-57
26
47
43
-56
-83
86
-1
-66
-50
-5
-86
9
-39
53
-79
-26
-83
-66
-86
-25
-31
-47
-34
70
30
-93
-14
-91
-11
77
78
68
60
46
-1
-87
-87
-53
-3
58
65
-92
-76
60
-86
94
-61
48
-64
-54
-53
33
37
-82
-76
-19
-23
-92
-71
-24
-30
-89
91
65
-17
64
77
26
-14
-42
9
-69
-41
-85
1
-29
-33
26
34
-59
-80
-76
11
89
41
-66
-5
-70
96
-16
-34
-8
81
1
50
22
-74
61
99
15
37
21
-9
-31
-41
20
92
63
-19
4
-30
54
6
-58
80
-89
69
22
-82
37
-71
-41
10
-89
-50
-92
21
44
-2
0
-53
12
90
62
68
-2
-40
-4
-62
-8
-62
-99
-82
57
45
95
-76
75
11
-93
51
-68
10
-5
-51
-38
47
36
-38
-80
-13
-59
9
32
68
-56
72
-28
-96
61
43
22
-21
99
80
2
47
8
-41
-8
6
23
-73
-68
-11
-99
-25
-48
-90
77
-72
89
78
92
-70
16
-66
49
34
66
66
13
62
-18
-52
-57
-26
-85
72
-16
65
-93
37
-40
-84
-54
-7
-87
40
6
-65
12
-40
-53
-19
91
-45
43
60
-34
71
89
-98
76
-50
28
41
53
88
-67
84
-46
-54
63
-1
40
-5
52
99
-11
79
-92
57
-43
-88
-97
83
-97
-56
42
62
-90
89
-6
62
3
-10
-5
-84
-82
-77
-49
-27
-47
33
38
16
35
9
70
9
84
47
72
-80
-43
98
-28
70
27
-4
-34
-45
59
47
95
48
-84
-34
-45
83
-17
-38
-83
-19
42
63
36
-100
40
-89
-24
5
82
86
38
69
-79
86
-76
82
-77
-7
11
-88
29
51
-32
-86
-6
41
-63
-28
-28
-11
52
-61
-29
38
3
96
-29
-94
-6
-92
-83
-96
97
18
-49
72
74
-91
77
24
-91
24
17
-16
-98
53
96
12
29
-55
-20
50
-52
-26
-39
27
43
-57
-76
-91
22
-98
-79
-58
98
-66
82
69
76
-46
22
64
-87
-29
63
33
32
-71
-18
63
77
12
-29
-58
95
90
72
-55
-57
49
35
3
-23
-51
27
51
51
-88
59
50
51
10
67
-97
44
-45
-33
13
74
48
-10
38
-33
34
60
-48
-42
-91
-50
-84
93
79
51
78
19
94
-40
97
-98
-37
-13
-74
-85
3
28
-14
13
53
-39
69
-3
36
71
-87
8
33
32
61
73
-89
4
-94
-73
-74
60
-26
63
77
-10
-60
-93
18
-67
-83
-83
86
38
-33
56
91
-97
68
-15
14
30
-76
19
-99
-32
-78
-94
0
-69
-24
64
55
-87
12
-43
31
-16
-64
30
-80
46
94
71
69
13
15
25
-81
-3
95
-14
48
-82
59
2
-25
-10
28
-49
-6
73
57
73
-48
-23
70
-93
-62
71
-31
-81
-35
44
-34
-46
-69
-31
89
-88
77
-62
16
-83
-39
-43
-78
-8
-81
0
-59
-32
30
-44
76
-90
-83
81
78
-43
47
84
67
35
-15
-32
-52
33
7
15
90
78
-76
-3
8
-33
-98
85
-45
-50
-71
-24
46
-49
-28
-83
86
-75
29
1
-69
-65
93
-96
42
-37
-1
14
64
55
-3
-78
-8
21
3
29
-97
-42
69
52
-10
67
-13
-72
-68
-58
41
73
-10
-72
-21
51
-52
-71
51
-67
-95
0
-44
-52
64
-26
21
37
-25
-24
-15
-49
-16
30
-71
32
-93
-27
15
-63
-22
-48
54
41
6
8
-82
-34
-86
73
30
39
-28
-31
-80
-72
-98
85
-41
-81
5
-33
-69
62
71
-2
16
29
-97
-82
32
35
12
-58
53
32
99
63
-13
-55
42
-51
60
-10
-80
-35
-2
-17
-70
13
-41
14
-44
-96
-89
25
-50
35
41
53
-6
-59
-74
3
-13
-57
-30
47
41
19
81
-72
-15
87
-26
45
91
68
64
-84
-17
-72
-59
-63
-38
-80
-55
-93
-43
95
-23
5
-77
93
78
-53
67
45
47
84
-93
68
8
51
75
60
-48
31
-27
39
13
64
57
85
-58
28
-14
-49
67
5
48
78
28
21
99
23
86
59
79
51
17
-1
97
-56
-69
-100
-88
-96
27
60
-9
-37
-43
-45
25
-2
-36
-48
14
59
87
65
-96
-58
-78
62
10
-69
32
48
67
-60
-47
-82
88
-70
1
-7
-92
-64
80
46
66
73
-64
34
-68
-2
-63
51
-40
85
-19
-21
-50
-87
-88
-45
-70
-35
65
-80
30
45
19
69
-17
-65
81
-6
-75
74
-55
-16
45
41
-56
-67
-73
-18
-42
-2
-71
-20
-9
12
38
-61
-16
-20
-70
-69
-62
86
-17
-49
-70
-89
-31
0
62
-77
-56
-82
-21
-90
3
6
18
-19
74
64
-95
-78
-55
-39
-62
32
36
-7
57
61
-44
88
-8
-91
51
-61
-19
34
-86
-40
-81
-78
75
-83
-51
75
-65
34
70
44
-79
-64
90
-92
-59
32
-12
-34
-97
-2
-35
-98
23
0
-2
-95
-8
45
73
39
56
43
16
88
84
26
-53
70
-1
94
-64
-86
-74
-96
-81
-89
-45
-91
22
-58
12
12
33
-6
56
58
79
58
-81
84
-23
36
3
-19
43
28
-78
-64
54
2
55
34
62
-42
73
-18
-22
19
19
-43
38
-79
7
1
90
-5
55
89
57
-46
91
-84
-30
-10
-85
10
1
90
-28
-72
-60
-56
69
-51
35
83
63
6
1
-1
81
-98
-57
87
40
-90
-20
4
62
-38
-22
-24
-77
5
-3
-56
-27
26
-59
-4
91
52
42
89
84
-63
48
41
-71
19
-68
-21
-60
52
62
73
9
-75
-82
-41
-33
-65
99
30
-52
-27
49
97
55
50
-58
-88
20
-72
-71
50
90
-3
10
-37
-30
55
-23
94
74
7
96
-93
86
-59
29
-82
55
-77
-53
-20
30
9
-9
-23
-20
-90
33
-74
7
-82
-66
40
-62
-40
-92
-66
32
81
58
-90
71
44
21
-2
-77
-95
59
67
31
61
-96
17
38
10
50
61
50
93
-17
-67
-67
90
79
51
-69
-22
2
1
3
-24
94
-84
39
4
99
83
-73
-25
-53
30
-29
-99
54
-51
81
-19
-24
-16
-7
-68
-9
-68
90
85
-76
-81
-84
-84
-1
-95
-24
62
7
-80
-88
23
-15
-34
-39
-6
88
5
-79
-1
-81
-55
12
-18
-48
-38
54
13
26
89
-63
-67
-35
36
-74
84
-93
61
-41
-99
-3
-95
16
79
8
87
96
-22
60
52
-93
81
-70
-46
-38
13
76
3
-5
-30
-28
-93
-56
37
-85
-59
29
81
21
85
92
-26
-41
-14
76
-11
60
-63
33
-64
-84
-19
98
96
-9
54
-97
-77
-22
-42
-99
8
-6
21
18
47
11
-77
35
-56
-43
68
91
-75
37
71
59
-87
38
33
-43
-11
-35
3
-26
71
97
39
79
-72
66
-41
43
69
94
15
19
-84
25
38
-68
83
37
11
24
64
-48
-44
48
-40
-19
-87
-68
13
21
39
-22
65
-6
81
64
-99
-85
8
94
-23
57
-64
10
20
-57
56
-52
55
38
38
10
17
71
61
85
-66
89
-98
5
17
58
-51
63
-94
4
-77
32
-71
-36
9
77
9
15
84
-70
63
-4
71
-39
28
-83
-69
31
-44
5
-58
-62
19
98
73
69
-76
30
76
-79
-90
-33
33
3
-6
84
30
67
41
-3
67
38
-55
-30
78
35
91
78
83
10
-97
48
47
-84
-30
-83
93
-32
-54
23
-2
-11
-31
79
-85
-6
14
-55
50
-43
94
-38
-26
-71
89
-66
-15
49
-62
-19
83
88
90
-35
54
-26
57
-91
-4
45
58
43
29
-37
-91
6
11
59
97
63
43
-97
84
25
-94
86
-16
-81
31
-22
-36
-96
38
-63
99
-37
77
-57
50
-12
0
-76
57
-85
-26
95
-35
-12
52
-39
-44
54
-57
44
-11
89
4
71
85
65
-80
-77
-43
87
-90
-45
54
-23
94
-10
-76
65
65
-53
-12
-14
-56
-72
-46
-7
96
62
-73
-91
-44
70
58
42
-53
-88
-26
-82
45
25
-89
1
14
79
-7
26
23
21
43
-20
-71
-60
96
-41
52
14
27
-91
82
-87
-56
95
92
-72
-75
74
15
17
-21
-39
-1
-28
-16
91
7
50
-48
48
41
84
-76
3
83
-68
67
56
-42
50
-14
45
-9
-40
-90
-49
-50
-55
37
-74
82
-83
-82
90
89
-68
53
13
42
-66
73
74
73
-43
-40
65
22
54
-37
-16
53
69
8
-99
-81
91
95
53
67
31
57
12
66
-55
13
-23
-33
75
-31
61
52
21
2
64
-31
-64
-48
-46
0
10
-63
-54
-91
-47
33
55
-16
8
-33
36
-71
-60
91
35
-71
-36
-4
76
19
-4
-2
-69
-54
-69
76
-88
-20
-61
72
-26
-87
-77
25
-36
62
-27
-75
-56
69
30
96
36
-24
-53
32
82
94
-48
-23
-42
39
66
33
39
-97
-3
-24
98
67
-20
97
13
64
-47
89
-2
-8
57
64
40
-24
-50
72
-45
-3
95
67
35
84
62
61
42
86
25
73
62
74
31
46
73
59
64
-67
-79
-28
-67
-12
-95
63
-22
60
-76
-50
8
-46
-11
-67
16
55
-24
68
46
-7
-41
84
-11
87
92
68
68
-2
-52
21
82
64
64
-88
72
-98
13
23
-43
66
39
-91
76
68
81
-54
-28
63
-12
-18
31
-40
-89
26
-15
93
-30
-79
96
-47
-51
-30
16
-13
-33
97
29
2
16
23
39
26
40
-89
-32
23
-43
52
-29
-25
-92
-80
60
38
7
-31
32
-79
93
-52
99
-23
-82
18
-37
-5
-67
76
39
-32
6
-98
-90
-98
-41
38
-17
85
-23
60
63
49
85
-20
-71
50
77
-96
48
-90
-43
-82
50
81
3
-41
-19
21
-20
82
17
55
32
8
48
18
-27
59
56
3
43
-50
18
-59
-48
21
1
-75
14
63
1
-65
-18
-25
-89
20
12
66
51
-81
34
-86
60
94
19
43
-50
54
-8
-20
-75
-14
-15
-60
-29
-26
11
95
-10
-39
67
-86
-5
-99
99
-17
9
19
29
-89
45
-58
11
-84
7
-25
-32
76
-31
40
-54
15
28
-33
-6
5
34
-74
51
-19
27
27
72
23
-80
0
-14
48
55
97
30
-24
-92
-79
-35
-57
96
-34
49
93
25
17
17
-11
47
-94
91
-80
-59
51
-38
94
-40
-17
-88
31
-80
49
3
7
13
-44
-10
-99
89
88
-65
54
21
-79
78
25
51
87
86
5
43
42
-7
58
-67
-62
-72
6
-60
-48
59
76
-99
10
44
-29
-77
-74
-85
-89
-47
-90
53
33
33
80
71
-46
67
-26
85
47
-81
-7
32
61
-52
28
-4
86
86
39
-40
35
3
-50
13
36
-95
-4
90
-4
-2
-99
-59
52
-28
17
37
-44
90
65
91
2
-59
73
-36
6
-5
17
-5
74
87
16
-94
86
42
-59
52
65
-67
-81
45
82
-25
69
-26
65
-2
-31
-65
-55
-6
-91
68
5
8
39
-17
43
67
14
76
-66
28
-91
-100
-25
-58
-14
68
-67
29
-26
62
98
70
-66
-80
-51
-29
-86
87
96
-20
-60
-93
34
-68
-95
93
-11
5
-59
-98
10
-4
30
56
22
-78
85
-55
12
-56
-58
-49
22
-39
-2
-11
-44
-87
26
-28
60
-7
38
76
-40
-99
23
60
78
-69
-82
-56
13
-33
-59
-89
60
79
20
7
-62
61
44
-31
-24
-73
1
-3
-64
15
17
-77
-37
-100
50
77
49
-24
-95
59
76
-95
63
63
81
-51
28
90
-82
-82
-97
95
33
73
70
58
-14
16
-74
93
34
50
40
-84
-83
-63
67
92
-17
6
-1
62
-14
58
51
10
25
-59
-60
-44
41
-39
-33
20
-18
-23
-61
71
31
-94
89
-46
70
81
-100
7
3
73
98
-86
87
-45
-12
5
-43
97
10
37
16
-89
-83
31
-60
9
-72
-16
1
-98
-11
57
99
5
67
-88
31
-28
-17
59
-17
24
56
97
-91
1
-49
59
29
