-28
208
18
92
-64
68
69
-15
93
11
81
-39
-34
-67
-92
34
84
61
19
-33
64
-10
8
12
17
-58
-94
-33
-7
-5
42
-28
-33
-63
20
-89
-83
-30
45
66
-69
-59
-43
91
98
-71
20
-35
-27
48
-2
-35
-32
-38
-55
22
56
30
60
-14
-87
-16
-93
-9
80
-10
77
10
-38
83
68
74
88
11
10
30
-6
-23
92
50
-25
46
-65
66
-100
-2
49
-29
-41
-53
-32
-49
-17
44
-85
75
97
46
6
-85
88
-48
-19
88
-83
-31
-17
65
-36
82
-79
-36
20
-67
39
37
-98
-50
-92
-95
24
-47
-92
24
-30
61
61
-72
47
-96
26
-30
63
-70
-88
-66
-24
65
78
26
-75
81
-37
15
60
-64
-93
-12
-54
72
-17
-32
-40
59
-3
-59
27
-1
-66
-45
-69
19
-20
50
65
91
19
43
-90
88
-6
80
4
-82
-97
-65
32
-86
81
37
-20
-45
27
-64
26
89
95
-44
-21
-91
22
-23
62
-70
96
-21
99
9
16
67
-54
-8
-7
-29
30
89
-74
-92
-71
17
26
