-69
4710
60
-29
21
-27
35
-82
-50
37
-100
-15
-95
-80
78
25
22
89
75
-43
-67
56
-47
4
-56
95
56
83
17
1
-64
4
79
81
21
65
-60
-15
88
3
-92
-63
99
-95
-4
-45
70
63
28
3
-84
73
30
-7
90
97
44
67
84
-40
-7
-85
2
58
-16
13
-56
-87
52
-32
8
-30
28
-2
-87
6
-76
-13
-42
-34
89
-100
-75
94
5
-100
-28
-13
55
2
-20
-85
-99
-70
-20
11
39
-42
-14
-24
-51
-87
78
21
77
-24
72
16
94
90
-23
53
16
88
-14
-48
-48
76
56
-21
25
-4
-3
-77
-37
20
25
20
-11
-45
-94
90
-46
4
-92
-31
73
-62
-66
-80
61
75
40
70
-34
15
-75
22
56
16
67
-55
87
-75
-100
-72
-26
-77
29
-86
29
-82
-63
30
44
-26
10
-74
70
-28
84
52
-44
-91
-49
-52
18
-29
-21
22
-50
76
53
-6
-92
-54
24
-93
-97
57
-78
93
25
8
-50
87
-48
-55
-23
6
-12
-6
65
-71
-30
21
-75
-94
-67
51
67
-32
51
-76
8
-43
94
-39
-33
-25
-43
87
79
94
-80
-88
63
71
23
-73
-22
95
40
-62
-64
-90
11
91
-34
98
-26
97
-36
62
-37
-72
-73
-37
-11
-11
-73
-30
-11
24
96
-53
12
-23
7
-73
-35
90
-33
89
87
-89
-40
17
9
65
-4
-62
82
-24
51
-2
-68
41
-34
-58
-39
-75
-10
-75
-87
4
-56
15
-93
-12
0
56
7
82
6
-58
18
-59
-47
-23
89
-77
49
43
-60
18
16
15
-100
88
67
-85
46
-99
83
-98
-95
-67
-36
35
18
-38
24
-45
-10
-84
-6
37
0
24
56
90
40
38
-83
81
29
-16
83
-28
-99
66
44
-100
99
33
91
-5
9
-5
68
-80
56
54
85
25
-33
-49
-100
32
-54
42
55
-38
-57
65
-57
22
96
-51
-74
55
23
40
-88
-77
17
21
98
-12
92
-47
-78
-12
-29
10
-6
74
8
52
-5
93
85
37
72
-17
17
-99
-76
94
-17
-62
-97
55
4
79
-27
-34
69
99
83
79
29
80
-50
-61
-47
-61
44
-69
84
57
7
51
-60
63
-48
-58
-95
54
-63
21
39
-52
71
78
-65
19
-5
32
-63
85
-4
-23
-17
54
34
-57
-28
62
48
-78
24
-91
30
-60
88
36
-10
-35
30
83
39
65
19
4
-97
-81
73
-60
84
-39
-15
92
-26
39
95
-29
-68
-47
81
96
89
40
-64
-27
72
-40
68
-65
18
-52
-73
-83
28
23
88
-18
-7
-82
-43
99
-22
-15
22
-59
-11
-72
-69
-73
93
46
34
-95
86
17
2
-63
2
-47
-72
42
25
31
63
26
8
-83
-8
-21
11
-29
36
-2
-62
-66
5
-52
-59
11
-54
24
94
69
-60
16
-27
94
-73
-60
96
74
-48
69
-10
-28
75
46
-67
-90
17
-81
53
-78
38
-97
-96
-20
35
74
0
-39
30
57
-33
69
-24
54
-99
82
36
-64
36
-57
48
38
34
-75
60
69
91
-87
33
7
-19
82
-73
92
84
86
39
-17
-60
98
53
45
-63
-26
-38
28
-63
-12
-83
43
-21
8
67
-21
73
-23
80
28
46
-47
-85
6
50
-74
-1
88
-78
92
-42
85
-17
84
15
84
-1
-89
-55
74
68
4
84
86
-30
-2
-34
78
-9
-54
-38
31
-91
83
91
-54
51
21
-50
-23
99
37
-54
-68
38
-41
33
-100
12
-13
-64
72
91
69
-63
30
-2
10
-64
37
66
71
70
-28
-40
-99
90
-58
-4
33
-92
-15
-48
-24
16
-64
-99
-6
81
89
-41
47
-64
-60
-20
-7
-58
-64
-52
7
6
-41
-93
-19
4
-15
-71
74
-93
93
-26
71
-53
37
-41
94
-18
-72
72
50
-51
-92
-15
-100
-17
-11
8
95
-35
67
17
-60
-78
-55
-82
-45
-86
-90
14
-56
37
88
78
-27
39
-12
52
-38
-65
19
1
-5
56
70
18
-54
-5
65
44
50
54
89
23
42
6
92
68
67
89
-49
26
28
1
41
-70
70
86
-18
-15
25
-94
9
15
-33
46
33
96
26
-52
55
46
-65
79
-22
23
-3
33
-66
-27
-8
-67
-43
-59
39
52
69
-43
39
-4
76
61
38
48
46
81
93
-12
22
55
28
54
75
-47
-34
97
-67
-72
96
55
-25
57
-3
-71
99
53
-60
88
51
15
-98
-49
96
37
-57
-5
-41
-8
96
58
-40
68
-39
79
27
71
38
-34
-67
38
44
79
71
16
-4
-53
37
12
88
82
11
54
83
-35
4
-35
38
-96
-96
41
61
98
-71
16
-35
68
72
-87
-65
-55
-89
80
29
26
-82
68
59
55
87
-73
-80
-64
-22
-94
57
-33
23
-45
59
-40
-69
-79
-78
-38
87
-60
-91
-94
50
79
-27
-71
-45
62
-17
-37
-27
-9
73
78
-23
91
-24
81
93
-82
-44
-49
-14
31
31
94
-80
9
71
-51
-87
-4
-71
86
44
25
-6
-34
-37
83
-12
91
80
44
-18
-17
-62
40
12
22
56
-6
95
36
-34
56
35
-31
-1
80
92
11
37
96
42
-39
22
86
-19
-1
78
-74
16
16
-60
-15
75
-63
93
-75
5
-70
98
-34
16
10
-41
56
-44
-46
20
50
-5
-16
56
-99
99
96
-13
-78
89
97
39
-49
-58
-81
-5
-63
39
-86
-18
-7
-86
42
-34
20
-85
-86
-55
-21
68
-57
13
24
-82
-51
-24
45
-2
62
-66
37
-1
-81
-62
32
49
98
-30
43
-34
87
-60
-54
-76
88
30
-32
-9
27
-70
76
16
82
64
-33
30
-92
-79
83
-20
33
-56
-63
-74
2
2
-80
63
6
31
-98
-34
14
93
-27
-24
-41
49
39
6
-26
-96
-42
47
-83
-35
26
-42
-96
34
-36
79
67
37
-95
22
-63
35
10
51
23
71
81
-56
-20
73
-77
57
21
-86
-27
-98
-29
74
84
24
-35
91
21
15
65
20
68
96
-64
18
-74
-79
-71
-44
-50
-54
13
-11
-91
-60
-50
95
87
13
23
87
-18
-30
-98
-89
-77
24
-67
31
12
1
3
-81
-22
60
-73
91
-55
-80
-91
-16
-37
83
64
-4
22
25
-31
57
71
80
49
95
-84
71
17
34
-61
-50
-42
54
62
-32
68
6
-2
68
24
10
-17
29
-59
-41
-71
71
-54
35
-72
-14
-46
51
-22
-2
81
-61
-29
3
2
35
99
-84
-99
99
-82
-42
-68
9
15
-50
91
84
16
32
-4
-88
-100
-86
-79
6
60
77
92
-86
-8
75
-58
62
-43
-44
39
60
-28
-3
-84
-8
80
42
-1
78
-53
48
92
66
89
1
-99
39
-83
-33
-70
-22
49
9
-18
-67
-64
51
-80
4
-4
-15
-89
-35
29
99
-82
-23
-18
51
-82
70
10
18
-67
84
-51
-12
57
29
74
82
-18
84
23
25
-78
-2
-99
-97
24
-67
-85
49
80
-29
-17
54
33
85
-66
86
55
-70
-81
78
21
-20
-64
70
78
74
-39
42
-90
37
-5
96
21
-82
-46
-64
89
97
-86
-89
-47
5
-61
-28
16
45
47
97
-46
-62
-71
-30
-58
28
-7
19
-26
-63
55
-16
25
76
79
-73
20
48
64
-90
-41
12
-51
56
-2
8
-93
91
79
-77
27
86
52
-52
47
65
0
-8
-47
24
-42
-10
-60
-78
-6
86
-17
49
-100
-74
56
25
1
19
61
-96
-49
-35
-39
-41
94
50
48
30
77
-91
62
-37
97
-39
0
20
74
19
-42
-15
-41
36
-55
70
-54
91
-80
27
-22
34
-86
9
-89
-13
-89
-56
-90
-14
-99
-71
26
43
44
29
86
-69
-92
84
-66
-41
-84
-66
-88
-21
14
74
70
29
58
10
-85
-38
32
-44
82
-70
-60
-85
-72
44
-9
-29
23
73
-8
-39
8
-17
-26
-28
-67
-30
55
66
83
-64
37
60
98
37
54
75
-12
-68
-48
-33
-75
-100
99
80
-45
-6
25
-41
59
-53
62
32
84
-75
-94
-89
8
91
84
75
38
97
-34
19
0
-35
23
-74
27
33
25
99
-32
9
10
-81
-99
21
1
-75
51
-76
49
53
-93
-47
-86
-12
98
-20
-54
-38
7
-39
50
22
10
33
-63
45
-76
-77
-52
37
-96
-23
-58
-31
79
-21
-81
29
50
62
22
14
72
-14
2
98
-1
18
-79
86
27
81
-57
5
-17
5
87
-4
56
2
9
90
19
71
42
46
12
56
61
16
24
-4
68
-25
4
-38
70
-84
24
-4
-22
99
75
-55
-52
27
-45
-9
-33
51
-3
-18
46
-63
-5
25
-33
99
8
-45
-72
-92
-61
-27
-20
74
-88
-74
93
-49
-1
69
-15
90
76
-33
14
-83
-29
-44
-94
6
-91
-79
53
64
48
-17
-14
22
96
-50
-14
88
-46
-37
60
-84
1
-10
76
84
-78
-86
-55
1
-97
15
-46
-12
77
32
42
-43
21
38
89
-58
98
-8
9
-60
37
59
-67
20
-7
-64
-30
-19
38
93
-24
80
14
65
-30
-100
96
-68
80
-65
-84
13
-83
-86
-60
-58
70
70
-4
52
86
94
-91
43
94
28
-96
73
-3
42
70
-67
57
35
78
21
98
-72
32
-9
-11
16
-82
-7
-30
-56
-24
26
-30
-6
68
8
61
-17
-5
-52
-27
0
-92
93
13
-54
93
62
-80
59
77
23
81
-22
96
-68
77
-37
-32
-60
26
-2
85
31
-49
97
87
89
-95
33
-31
-36
23
-13
83
4
-71
17
40
41
-73
36
59
21
85
-69
-3
1
-58
96
28
89
-85
-48
-44
57
73
-76
-95
-89
3
16
94
36
22
64
-42
63
-70
91
44
-40
3
76
70
-44
-42
72
-46
-88
-13
27
79
14
8
-58
70
11
76
24
85
-33
4
90
-55
-77
-55
67
52
38
86
44
-96
95
38
34
-50
29
65
62
-1
-2
-80
-71
-95
-33
59
71
-67
-93
-4
-75
-10
-7
-62
-68
52
-54
-60
-83
93
59
8
96
-21
-47
-26
-98
-55
59
-20
-59
-21
-37
-36
-35
58
-38
-85
-77
-97
-70
60
-34
-70
55
-67
97
51
22
-51
-12
-29
88
80
-30
12
-62
-1
-72
-7
-82
84
-93
6
30
43
81
13
13
-91
92
6
49
-95
-4
-64
-88
-25
-10
40
42
-32
98
-67
81
54
-55
76
-99
-42
-28
2
-66
-73
86
80
77
-21
-28
-76
25
-2
29
-21
18
99
43
-16
78
-54
-32
-87
-20
68
43
19
-33
-92
4
16
-18
45
-47
62
-46
-91
59
89
-14
50
35
-100
8
61
-67
69
-89
39
-69
5
-91
15
77
-76
53
48
83
-39
-92
53
-71
99
82
55
-80
-20
-35
-8
87
-95
42
-97
-36
63
-11
-91
-94
54
-97
-69
51
93
-7
-18
32
46
-93
27
-90
94
-41
51
74
-58
24
-94
57
-80
17
25
43
-48
11
51
-9
-64
75
-32
16
-17
54
-24
-84
39
-99
-99
24
70
-50
27
-76
-77
-61
14
36
-33
-34
49
-9
-41
-33
-49
42
44
43
-60
68
51
-12
33
5
46
-30
5
-25
18
-65
35
96
-48
-69
-88
10
71
-13
23
6
27
47
-56
-43
-62
52
-21
-35
70
35
2
23
-96
-8
-46
30
59
44
-23
-41
94
-36
-31
63
9
-31
23
-72
-90
-49
-38
34
-44
-24
69
-8
32
-78
11
89
-80
-62
-76
-13
-69
-94
6
1
-97
-6
-81
99
60
60
-66
98
49
62
-77
87
6
-66
-76
34
8
60
-71
70
-15
-23
27
11
42
-91
66
-82
86
50
-22
58
-96
-47
-12
-58
-83
14
97
36
43
-15
-11
93
95
-99
83
-55
75
-29
-44
86
94
-70
10
-20
-77
56
69
17
70
37
19
-89
-21
88
65
14
65
-4
2
-88
42
-86
36
-60
-79
33
-73
-89
-98
4
-77
-33
-86
-5
73
-58
29
-82
80
58
48
-79
21
13
56
92
82
43
47
-3
19
-30
4
-35
-97
-77
-44
-48
36
-79
-10
-5
70
66
-86
-74
-8
-23
78
45
-28
-85
-9
61
81
0
8
-21
-35
-10
-96
49
-95
4
-62
83
75
-92
-84
-25
81
-55
-58
-21
7
-64
-48
40
-32
-3
23
-57
52
11
-77
-92
-36
39
-63
33
33
41
-83
-18
-66
19
65
-41
5
44
-88
-93
-67
-65
-36
-27
30
32
-23
34
-62
85
10
71
-73
90
-81
-96
-11
-17
53
8
94
84
0
-6
-51
65
-44
-38
-24
1
16
-63
21
19
-54
71
46
92
-60
-59
-49
66
76
91
-75
17
7
85
0
-28
24
-95
53
-20
56
-86
-92
42
86
0
81
28
-89
-98
-95
87
7
-48
-5
-3
70
-21
23
58
-9
-89
84
-100
-96
-48
-98
7
16
-63
76
84
-79
54
-77
-70
-6
82
-96
93
-48
98
51
-42
-11
24
60
38
-27
-30
63
-11
-52
60
0
-6
-71
38
-13
-18
-33
-3
-62
14
-31
51
0
82
-93
-7
69
27
42
-27
-59
-55
4
-65
-1
89
-20
82
79
79
76
30
98
27
85
25
34
-27
-37
-96
90
37
87
64
-83
-73
-78
-62
90
-93
68
-78
78
-51
99
85
-22
-55
-54
90
41
-50
-20
52
14
-79
-7
50
26
-24
-49
-16
49
-54
-51
72
-7
21
51
-30
-21
-64
-77
-16
89
-79
-76
-57
81
-44
7
-89
92
57
53
-84
16
71
41
-64
66
-71
18
27
-11
25
9
-62
-90
7
-32
-77
84
90
-47
23
-4
12
-11
-31
-71
71
68
69
42
41
74
77
0
-18
-74
-68
66
4
85
70
92
15
-90
29
73
-32
98
79
-21
66
-25
-45
-95
34
-75
40
3
64
-13
5
34
81
98
-72
-9
-33
81
75
-10
8
-53
84
-41
-78
10
-78
-94
-71
45
53
27
66
85
-31
-18
55
-90
-82
-44
29
95
54
80
-24
68
60
85
-58
-49
-85
30
-21
21
-31
-72
43
-44
-78
-26
24
7
76
-92
63
12
-33
-49
-27
-49
84
-49
13
64
8
-14
43
56
-93
3
-95
-2
-12
64
3
9
-22
0
-89
-82
70
-91
-86
27
45
-56
88
36
8
-74
-56
69
99
-63
42
-67
91
-47
-94
-83
33
-72
-11
-49
-42
12
-14
72
-78
-76
13
98
-32
-13
-10
-48
75
-33
23
45
-14
-38
-99
-72
61
-77
-54
-47
-94
47
-62
-54
17
-96
-15
9
19
-71
-96
-7
-68
90
-57
-85
-26
-51
4
21
-56
61
41
40
-32
86
76
-56
49
8
-95
85
-43
33
-84
-81
-30
-41
-100
-94
-77
-39
87
-95
61
-52
-68
31
-20
-80
-65
-46
-5
5
3
-73
-1
-52
-1
-84
81
-10
4
21
36
-35
-31
82
99
-75
-47
-13
85
-74
55
-37
81
-59
-17
42
-74
80
-78
-34
66
-96
-31
8
-11
73
14
20
88
75
-36
21
24
82
44
-65
-33
86
-61
96
-16
-43
-100
-85
-93
-18
95
52
-57
-25
-95
68
42
78
83
63
46
42
-64
4
81
-11
98
-30
-9
-17
-38
71
69
12
-23
87
-88
-71
-41
-73
2
15
36
-56
-47
-92
52
5
-26
81
-27
49
17
50
-14
-25
70
-86
17
89
41
-89
1
77
20
24
68
-2
-89
1
23
-14
81
-20
-15
37
94
-31
-24
31
-87
58
58
58
61
35
-70
46
-47
18
-45
-96
65
-82
92
0
-11
37
29
94
-5
81
67
57
59
62
-22
94
83
-75
-58
-97
-25
-94
34
-99
14
-50
-67
-52
77
-84
29
82
74
-25
-85
-23
54
-77
-88
90
-77
-23
-54
66
-18
-52
38
70
39
4
-78
50
57
28
-23
12
9
-93
16
88
40
-79
-88
-66
16
-53
72
-5
-19
7
-40
-98
51
65
36
8
-48
8
20
34
98
14
-38
64
24
-24
-57
10
8
20
-60
-11
68
-96
-82
74
-6
-93
38
-33
-53
75
66
-19
-28
-46
81
90
-50
71
51
15
-27
6
-97
24
86
-25
79
97
65
-97
-11
-63
87
-45
56
60
-53
-54
-6
-77
68
-48
-30
-75
65
76
-61
56
78
71
68
-39
53
19
10
32
-84
14
13
-89
30
15
94
-23
85
-58
-2
70
-98
-49
54
-43
-66
-45
-37
22
27
-50
-46
21
-40
-24
1
40
-70
7
55
3
-84
-5
-68
-74
99
-18
1
42
7
22
87
-22
-89
-49
-34
-28
24
43
-18
79
-71
-62
14
-5
-26
-22
-16
-42
92
98
-93
65
0
40
-94
-38
93
44
-17
74
-27
-4
95
-13
-38
79
-90
-57
-98
-52
-99
-17
-97
-99
-80
-66
-11
-12
-12
29
-25
24
-88
63
24
15
15
-48
-61
51
16
45
-75
86
36
56
-61
-38
-36
-79
96
65
-100
98
-13
-35
-97
-67
88
-2
20
-17
67
-59
57
82
13
-70
6
81
-48
52
91
4
50
21
-87
31
-1
-6
73
-93
80
-2
-100
91
-76
35
70
92
61
32
84
-4
-61
70
-31
75
58
23
-74
95
-2
27
-50
-58
-82
69
-72
-30
38
6
-58
12
69
-60
17
56
-64
-100
-13
-93
-4
-16
-96
78
-76
79
-28
36
-90
-77
-90
52
-47
86
-75
-95
-86
-69
86
86
-46
-21
17
-21
4
-75
64
89
-70
-75
51
-26
78
94
80
47
-2
-85
89
42
-42
74
-33
-21
-92
48
60
74
-55
72
-8
59
-14
-84
57
44
-16
-45
-60
-91
20
83
34
-38
-68
55
-56
3
-24
6
78
40
87
-58
64
82
-49
-32
94
46
22
-4
-15
27
7
-48
-45
26
-42
-15
-37
-80
-83
-32
-92
-58
-3
0
-86
-92
-49
24
-71
21
56
13
36
88
80
-72
22
-32
81
-65
63
94
-26
25
8
64
-3
3
-5
-8
-36
-58
-43
-11
-72
-87
-85
0
-82
-59
-33
92
-77
-2
45
21
71
-19
2
20
-34
-20
-11
-9
-83
-18
-31
58
-63
-51
-34
71
-34
-42
-95
-7
-95
-93
82
72
66
12
11
-43
60
63
-75
-74
-95
-41
76
-86
-43
24
79
-1
74
-37
85
-66
6
-40
77
2
-83
83
80
-69
-33
-86
-23
-48
-75
-81
-71
-41
-96
-36
-50
38
-83
-95
95
56
-65
-80
91
-20
71
89
-85
59
-96
-10
-10
75
7
94
82
68
55
-80
5
-65
21
66
-90
-3
-17
-73
-30
-9
48
60
7
22
47
38
16
52
86
-57
-84
11
-26
27
-5
-84
-38
-99
49
39
71
-66
-69
20
-37
-58
-16
-69
-89
-47
13
40
16
77
94
-61
16
-64
65
35
-48
26
80
58
-30
-4
73
12
86
72
41
77
-52
-97
-74
37
-47
-100
94
-1
4
35
-18
-39
44
-35
73
-67
96
12
-74
-21
-52
56
-70
-46
77
-9
76
24
94
-22
-67
59
51
93
17
-87
71
-94
-63
62
17
40
31
98
35
50
-69
-100
92
-70
32
-34
9
-43
-36
26
47
86
-28
29
-75
99
81
-84
-18
9
-56
72
-18
34
-59
-69
68
95
94
-50
33
-49
-67
-100
52
-91
49
59
-93
24
82
-76
14
-90
52
98
82
26
67
-20
44
-8
-80
54
23
21
52
87
76
21
50
30
62
84
55
48
-31
-25
3
-47
96
90
-35
-71
16
-49
-21
79
28
-83
-58
-8
4
-83
-29
-89
4
35
19
10
19
-66
-53
62
-66
65
-34
30
49
66
42
45
-22
74
22
71
79
-2
-83
-43
39
-71
41
-56
-80
-39
97
41
4
43
-39
-58
33
-56
-20
90
76
9
5
81
6
31
41
-81
54
71
-76
10
-85
86
-48
-49
-6
-49
-39
-1
-64
-66
22
47
59
-17
60
96
24
-79
82
41
71
-23
19
-26
-70
-45
-8
-26
94
-85
17
34
67
57
20
-44
49
82
-22
-10
-70
-58
23
45
36
-40
48
74
99
-70
16
-56
-72
-70
-34
30
-3
61
-60
46
44
47
54
-81
60
19
-88
-19
86
-3
0
-50
-56
-81
-78
75
95
85
2
58
-53
82
-71
-98
44
-82
32
-43
-15
-27
-63
-42
48
-68
-88
-56
-56
-16
-98
36
16
20
85
29
-42
-30
-94
-98
-56
77
79
-96
-57
-9
-48
50
-46
98
-44
58
-14
72
-50
-21
-11
-83
-81
-90
-73
-34
35
42
-59
-20
73
83
-51
96
-36
-1
-63
53
-13
-91
43
38
91
79
47
94
-49
73
81
60
48
55
82
-43
25
38
-93
-49
-95
-50
48
55
74
21
-15
-79
-100
-42
-100
-10
-89
-61
-51
11
-53
45
-14
66
-67
35
-61
25
-53
82
-76
-92
-39
-61
-79
38
-76
18
81
-46
-59
21
23
45
29
-49
-70
24
39
-93
-39
4
50
89
-41
-87
50
26
62
-3
0
49
-25
57
-34
-91
66
-86
-41
-74
56
-28
-99
25
-31
28
-57
-44
-24
40
59
79
-17
-28
-24
44
-32
-68
0
84
95
-61
78
51
67
54
-10
-19
49
-13
69
43
51
24
96
92
48
-95
-89
-44
-95
53
-13
-83
-71
-20
-10
0
16
-99
84
-100
-54
-100
74
75
-90
-31
-93
86
-35
96
70
-16
-78
-98
89
-93
99
17
13
-78
85
-10
19
88
-95
3
-8
90
77
-67
21
61
24
-54
-13
-39
-92
11
88
91
80
-45
-2
5
-14
-51
98
-100
47
86
-13
-98
-31
95
72
32
-96
-97
-73
-77
80
87
-63
89
53
2
95
-56
66
75
-57
-95
-77
1
77
56
99
-63
-28
33
52
14
-97
-41
-11
-96
64
-49
-20
98
-20
-38
-13
7
-74
52
42
-71
3
27
15
46
-40
-76
38
-73
-73
13
-49
18
-25
-8
-95
24
-4
-71
0
-41
-32
-52
74
91
-8
-73
82
-20
99
32
-57
-86
-44
99
-48
-23
-34
74
47
-75
16
-93
54
74
-15
-19
-85
-15
9
-49
-57
68
-23
97
-23
-83
66
-60
86
-22
90
84
-24
14
29
-15
21
-25
12
38
23
27
56
-58
-87
55
-76
39
-98
-93
85
49
28
-33
-65
-99
-82
79
-12
-66
-27
7
43
81
-62
93
18
-4
-93
-73
74
98
91
-4
1
37
61
39
-45
38
-37
-73
15
-1
-23
-69
16
-83
99
-41
-89
-73
86
-25
-72
-17
-96
29
-72
-73
-96
-94
42
75
-1
1
99
77
26
-10
32
77
-4
25
58
-3
-21
-5
0
-57
-52
29
-54
-69
27
29
-37
-34
18
-66
13
40
-46
-26
-52
99
-51
2
56
53
-24
15
78
34
59
-49
89
58
-16
34
15
70
-54
19
85
76
-23
-40
3
57
0
-65
94
99
-28
-18
-4
86
-48
-51
-19
-65
-20
-58
37
55
-32
30
71
89
63
32
-8
93
61
-13
52
-54
9
10
20
-48
-80
-52
20
-36
-27
-69
82
77
-89
-79
-37
7
-5
43
8
45
86
-71
43
85
-53
-12
-56
65
-63
12
-93
98
-38
-81
3
15
19
75
-43
-69
18
-86
57
66
2
31
-22
2
-1
90
-84
-79
24
43
-73
-58
35
-29
52
58
41
75
81
92
66
-76
21
66
-75
-53
-26
-3
-86
-30
-6
40
23
29
89
-87
34
-85
71
98
92
40
18
95
1
52
-21
-28
-49
49
-99
-18
57
74
79
6
50
-36
63
-1
-21
16
-86
-20
-43
-15
-82
-30
-63
-80
87
11
98
6
75
-22
-83
14
-93
-38
-22
6
-21
-90
70
82
-3
59
69
4
-73
62
16
-23
-92
-3
65
-91
-1
29
-74
14
-76
50
-30
-81
34
11
91
-34
94
13
51
-88
-32
-6
48
13
48
93
89
17
-35
-8
-8
-95
-33
74
29
13
98
98
25
14
87
30
28
-2
-36
89
85
67
-6
26
-88
99
36
32
29
2
52
23
22
-86
-56
-50
42
-96
26
-23
-86
-96
77
63
93
-86
-59
-73
33
88
-44
-81
-32
65
70
5
13
64
73
-27
-11
58
53
56
-32
52
-50
1
38
-47
-70
-48
-89
60
-20
52
2
-16
42
-26
62
-84
96
-100
57
18
58
65
-22
75
-63
-71
-5
71
94
24
24
6
0
77
-15
38
94
86
19
69
40
39
-34
14
25
18
6
-55
-95
42
72
-31
11
-38
53
79
73
-91
-1
-70
-92
-71
14
34
51
-8
-18
90
-83
66
73
24
22
-18
56
-74
-97
5
-42
-77
12
-58
77
81
2
-15
-96
-73
25
55
69
47
-47
25
64
-83
44
-1
-9
-69
67
-17
-67
24
4
-80
71
19
-46
47
-91
6
7
-20
79
35
-34
65
14
90
-11
-24
-67
-41
36
93
75
32
-65
-70
-59
-58
41
30
