53
1276
-67
91
-30
-33
-64
24
94
58
-93
72
-12
17
-33
66
30
-18
93
-78
63
51
97
55
-8
12
99
-60
-83
-96
-11
68
-91
-35
41
5
-92
70
30
21
56
11
76
-92
-86
77
90
-63
-88
-15
70
48
-54
-52
54
-8
-9
-50
-24
88
82
2
-66
-52
-6
40
-100
60
-99
-18
-22
-56
-60
36
1
27
70
-51
15
48
-78
-65
17
-47
-64
-98
-29
81
94
-23
56
-52
62
53
-25
-49
-67
-14
28
-86
70
49
52
-91
-98
-14
-17
-63
-45
55
12
23
19
24
66
70
97
-45
-67
28
64
0
-2
48
-99
-37
-46
-4
-40
-58
-15
6
44
52
17
-49
-50
3
-7
34
84
58
14
61
-40
-31
26
-31
38
-24
62
-44
-35
-84
65
-6
-54
18
68
45
-49
4
11
-97
-39
24
-67
-65
43
32
47
23
0
27
30
-14
-1
-7
89
-65
-69
-97
-43
-7
-67
-63
46
-87
-69
67
80
-3
-25
-13
28
74
5
65
-41
4
-52
23
24
96
89
89
71
20
50
-39
4
-73
-23
5
27
-80
-69
97
-3
8
-29
49
-38
-9
89
-26
36
93
6
-18
97
-45
69
-4
1
33
-2
-99
45
-78
42
-3
47
-52
-13
11
-20
6
14
31
2
49
-69
68
55
55
-29
67
60
-33
-66
-93
48
-79
6
-9
-30
-56
-62
-49
-71
27
-21
70
-43
-99
-37
-96
30
46
63
-72
-47
98
82
79
-21
65
71
-64
-2
4
53
23
36
66
-29
-18
-31
-60
-95
17
45
-74
35
29
-69
-72
-71
6
-61
-5
-60
-2
-55
-51
84
-55
71
-99
-70
-89
-75
-53
-86
-59
49
56
-23
27
77
-94
-12
17
-62
-33
18
-83
-18
-6
-16
-100
-52
-84
-37
80
65
-56
69
36
-83
86
-23
80
-24
-45
63
-100
-72
-42
-81
-67
9
-75
-92
-38
-11
-74
90
-66
40
-53
-34
-44
-94
-41
-59
70
53
-89
-33
92
-94
29
43
53
-23
77
92
42
4
-4
-37
62
-6
-16
82
-20
-82
-25
-87
-77
-72
14
-39
-27
46
-47
80
-33
25
-7
37
-63
5
-95
12
-78
73
-60
6
65
24
49
-5
-71
-96
77
9
51
61
-92
-41
-30
-75
16
51
29
62
-98
-94
31
-74
-34
-94
75
61
60
1
-1
11
65
-12
52
45
34
-56
99
30
36
36
-92
-45
69
-35
-62
23
93
77
56
74
77
52
70
-41
-22
-19
19
41
-5
-61
-70
-11
34
-16
61
64
-42
2
41
-15
-49
57
99
69
-20
11
46
-41
-39
-71
-96
-51
-59
-65
2
-68
17
-79
-64
-3
91
21
91
-28
47
-11
25
68
-44
13
-88
-7
32
-14
23
-26
61
22
-96
2
-70
-99
-80
19
-19
-79
56
86
-59
-100
-98
-68
38
-3
-53
-98
-82
0
-2
29
74
72
-65
57
-15
-37
20
-16
0
44
54
-29
27
-48
42
40
-16
-37
85
58
22
77
35
-58
82
-17
59
68
-14
-79
90
54
97
84
15
94
4
19
-14
-44
29
50
-42
99
-63
-90
78
-37
-24
3
68
-85
94
30
78
-84
5
-87
-23
68
78
-94
-61
39
-76
-35
-2
53
83
77
98
87
-7
60
4
-13
-95
-40
-6
24
30
-32
18
-40
86
-59
-30
-19
-89
70
-84
26
85
-55
-75
-85
-81
-47
-29
68
18
90
-78
-57
47
-73
44
45
53
55
-14
-22
88
-56
25
69
15
62
-79
-59
96
3
-89
84
-55
-75
97
-79
-10
45
-79
-72
-55
86
-45
-67
-96
-4
-48
-19
-69
-16
42
1
-85
-64
63
19
-56
-71
31
7
69
60
-27
10
5
-2
-58
28
-10
-31
49
-98
-17
-14
-27
-50
39
81
12
-48
41
85
-45
19
-17
-68
-50
-60
-76
-73
-24
-72
-3
34
76
-20
-76
-13
91
-64
91
-3
-58
-20
-78
-58
46
5
-51
24
25
-50
-77
97
35
-29
70
-44
-17
-60
53
-61
27
-36
28
-29
59
61
51
88
59
-57
44
49
60
30
23
-77
-72
-38
-47
26
-88
51
-66
28
26
-62
-83
75
-42
-62
-56
-92
-72
23
23
-59
37
-24
71
62
30
78
98
91
-13
75
-83
-8
48
29
75
-3
-26
90
28
-9
-74
86
-28
14
-48
-7
11
28
64
-48
-57
-66
36
-37
8
-71
35
79
-54
-21
-98
-32
67
23
-88
-94
40
-15
-38
75
-77
-34
-51
-40
21
35
-32
12
-1
-98
-44
-11
73
-49
76
-4
92
36
-68
84
46
0
94
-91
-70
18
-77
-42
-31
68
28
-24
60
29
66
69
33
49
41
-63
-12
80
-94
18
89
-99
16
-58
-62
84
28
-34
65
40
-41
-13
30
-56
-87
-19
-75
-95
-16
39
-40
97
-92
-16
-13
-3
73
-80
-2
73
11
73
53
57
-84
53
95
-49
-50
48
29
67
-28
27
-3
-86
86
13
-53
-10
51
-1
85
13
70
-68
-28
-27
49
11
76
-90
-98
-53
-94
-72
34
79
37
-6
-58
-51
-29
-51
41
17
73
94
63
-70
13
-48
32
2
45
21
39
-53
-34
-30
-41
4
-15
96
11
-29
-90
20
-19
-92
49
83
-82
1
-69
-9
-82
-29
86
98
-5
18
0
19
23
24
-87
-88
-29
-38
-22
57
-8
-37
-35
27
31
-18
-72
-25
-5
70
57
14
25
70
11
34
-30
2
13
93
40
-49
-93
9
54
31
-58
67
26
-96
-47
41
86
36
-47
45
12
-54
86
28
-28
-50
6
70
17
-67
54
2
27
-74
67
-12
-78
-78
92
-49
-22
-39
-69
47
-59
8
-24
84
-51
-98
55
-47
76
82
36
-68
11
-97
-53
-43
-77
-29
65
67
61
-53
-59
-99
55
87
74
77
37
-68
65
-55
-18
90
-48
17
55
-55
19
-73
-77
-34
40
-32
61
-76
-43
28
37
-48
-22
5
80
4
44
-68
-10
-16
-49
72
-8
17
29
-93
19
-35
19
-13
-5
65
-3
80
95
-99
-97
22
-81
46
-22
-8
-53
18
91
-7
94
-55
-64
51
-35
-64
62
75
-24
-93
-6
73
29
-53
22
-57
-54
-78
-71
-65
69
60
52
41
22
-54
-100
25
33
-88
-3
-47
-64
21
-85
-8
-15
-72
-43
-39
-56
47
-28
-23
-18
-89
-5
58
11
98
-24
96
-51
-44
-15
82
-45
72
73
62
-69
31
-32
-25
93
91
30
32
-84
-19
-84
42
65
-68
56
39
20
-94
14
1
-49
69
31
-31
-8
81
71
-73
-91
85
-69
-20
-27
65
19
-67
-48
-35
1
30
-75
63
-58
37
-43
-11
98
38
20
36
66
-32
-59
-75
61
-10
70
29
