-11
627
-52
-52
20
72
-65
33
53
52
64
-76
-22
-21
-97
-43
8
-17
56
-77
-36
-93
-28
76
93
69
-98
-98
9
93
88
92
-15
-10
-97
99
-93
69
87
29
71
97
2
-3
61
21
-2
-38
58
35
-91
-83
-81
-85
10
-5
44
-53
50
92
19
-44
-46
-49
-95
18
10
-92
-33
61
1
83
-54
61
37
-67
52
-13
0
-58
-82
-9
-82
87
-99
-46
-20
-44
46
-36
-76
-93
-20
73
-95
78
-95
63
-31
90
-55
-26
45
1
-28
54
-63
67
-65
-11
88
33
-37
52
82
-21
91
84
80
96
-14
59
11
-92
-15
-80
-44
66
-15
22
63
-66
38
-42
45
37
-7
-58
-89
-44
14
-29
-24
-12
-26
45
-21
14
-2
24
-98
90
-13
-24
-58
54
-44
-73
-80
-61
-71
-86
87
34
-13
54
43
13
28
-71
47
-3
62
-80
42
-40
28
89
14
-38
1
-50
-6
-68
31
98
-18
40
38
61
-49
-33
-3
78
90
-62
89
-31
-68
90
-27
22
-26
24
-26
-91
-47
-74
55
48
-4
77
-78
35
22
-9
-48
86
-45
55
-60
15
10
-39
77
-55
34
67
63
-1
-44
-79
61
-20
70
7
17
2
79
15
18
-55
-65
91
76
-58
90
-42
54
92
-100
49
-1
-79
-91
97
51
-37
21
76
39
92
-50
47
-49
74
28
-57
-73
-57
-10
94
82
68
-13
90
45
82
72
-2
4
-53
54
-95
-37
-77
-40
-51
99
75
-5
-15
49
6
-56
36
67
-48
73
9
11
19
3
-29
-95
-52
-26
-64
74
59
72
0
-61
-6
58
83
15
28
-81
50
63
59
66
-96
-76
-2
33
-2
71
37
-52
92
94
-90
-79
48
-24
-46
-10
81
-21
-33
-10
-60
22
-93
-49
40
-90
67
75
-21
96
-86
5
27
88
-99
39
5
-17
55
-95
92
1
41
4
-94
-39
39
3
47
-75
-66
-23
95
-13
78
-68
-96
-26
-4
55
40
44
-41
-90
-14
-63
-92
-75
-94
33
-72
68
-91
62
17
59
30
12
45
30
-62
-70
57
-96
91
18
-46
48
11
-99
55
-59
-34
98
87
-93
-79
49
-38
49
83
44
-83
-60
15
-11
-72
71
-36
18
-53
18
24
21
-53
-21
69
95
-40
-67
-27
3
56
27
-20
-93
-32
17
-15
92
78
84
-13
-30
5
62
93
60
91
-69
-56
-84
-93
64
76
43
13
22
80
-84
0
-27
97
-70
86
-33
-80
-67
97
-96
88
16
-25
33
56
77
46
72
-60
37
-10
95
-96
83
8
-55
31
43
-77
18
-49
-24
98
-85
59
-93
52
-97
59
69
-52
-24
-61
65
91
54
-89
-36
83
-14
61
83
-57
90
-60
7
17
43
-96
-39
-37
-63
79
-100
29
73
30
-66
46
87
61
-76
87
-89
11
-28
-11
7
97
-84
-82
-20
90
-63
97
-2
-30
46
-9
-56
17
84
87
42
66
-29
35
10
92
0
35
-60
69
39
-67
-76
69
97
58
98
-82
25
-26
-22
81
87
-66
67
-72
-23
87
98
-42
-22
-30
99
-7
-95
-86
-97
-5
39
-5
-38
-89
-39
96
85
93
59
71
54
-93
34
34
36
-52
81
-87
-81
-1
82
-69
-2
86
-88
11
