99
551
-8
-23
-14
-2
53
85
-65
67
6
-40
-58
93
-8
-6
10
-92
-81
-57
60
-30
25
-45
-76
-41
54
57
-15
-47
-30
1
-58
16
-91
46
77
58
-60
-41
-10
-89
94
-80
-30
11
85
-20
-29
-80
44
-83
79
42
83
42
95
3
-63
-19
52
-24
-87
-96
81
84
27
77
27
5
-12
-41
-84
78
-25
-53
-94
-2
-21
-38
93
-57
9
89
15
-8
-36
-90
-38
16
36
-50
60
-6
54
-30
27
-5
-84
-98
46
17
14
78
-9
8
82
9
-78
-15
-14
31
-69
74
91
-64
-11
61
-99
-77
91
8
62
8
-26
72
64
-68
29
51
-15
-96
21
-66
-41
87
1
-47
-93
-99
-47
-72
-72
5
39
45
-30
-80
-80
-18
-47
-85
88
73
-60
-42
13
-52
-53
76
78
-32
92
34
-43
-75
-100
-54
60
-92
-69
-38
7
45
19
-93
67
-83
65
9
-4
-62
-26
32
-47
-51
83
57
16
97
21
-5
61
-39
25
-8
-46
33
46
-49
-61
60
-91
84
6
0
12
-32
80
-18
3
65
85
-100
2
95
50
-86
41
-15
-47
-22
-36
47
60
-63
-29
4
-99
70
-23
-32
-61
40
-40
0
-86
-93
-7
73
-34
1
88
58
-51
-20
-96
-60
83
59
66
67
41
-32
76
23
81
44
88
-46
64
-86
11
16
29
-83
39
98
59
74
-64
-66
-52
96
79
-88
98
62
32
91
-72
-65
36
66
85
4
26
-37
-2
-77
35
44
-81
-65
42
15
20
-100
96
-8
70
40
95
44
-42
51
-16
-81
-54
-19
-94
45
-86
5
23
-46
43
95
-48
70
-90
-20
16
-75
48
-23
46
-34
98
-38
-78
3
-38
90
33
28
32
-48
59
13
-81
14
45
37
82
64
40
-47
-98
83
-25
89
89
89
-57
-27
42
35
-57
-14
-93
20
3
-71
-91
-61
-83
-92
-66
-17
-52
95
-63
8
66
-64
-37
-76
25
42
-86
48
-7
0
53
50
-83
9
-99
67
89
24
-87
22
22
66
67
-53
-78
-20
95
-71
-21
-64
-69
59
26
-46
99
88
-62
-70
28
70
-86
-15
-27
98
26
13
13
94
-39
-94
40
54
-24
49
33
-87
41
-8
-60
-8
-63
-52
43
-75
-37
-66
-94
-49
57
75
9
-77
4
-96
5
-77
20
73
-97
56
93
75
19
0
53
50
-19
85
30
59
12
-9
82
68
-56
-99
23
96
-41
-87
-33
-91
-6
-4
86
-97
-49
36
63
72
88
-42
65
-57
-45
-95
-40
70
-93
-86
33
-84
-91
-22
-67
31
-76
-46
50
19
-53
14
-93
54
21
-45
61
17
89
25
-61
-33
-81
32
-99
62
-47
37
58
-32
-34
68
-44
96
-16
-11
-52
78
90
71
-4
-34
-95
-92
35
-58
-73
45
19
-59
-2
-63
-19
-10
44
49
-62
-90
-28
29
