-57
3213
-79
79
22
17
25
-85
-71
-7
-3
88
-59
40
-11
-4
-3
5
-71
-57
-10
-24
59
4
-87
-16
-10
-16
8
-29
-25
66
28
41
-30
-28
49
-72
-31
-54
37
11
82
-54
-96
93
51
-78
-64
-96
82
73
39
50
93
-63
84
-66
52
-9
35
-67
49
27
56
-1
89
99
-39
-84
98
-38
-26
-42
2
-34
27
78
80
-9
-92
90
77
8
82
90
-80
21
89
-16
73
-26
47
-84
13
11
42
17
-9
-62
74
-68
29
96
81
64
93
-28
-28
-47
-2
-35
82
-28
-50
87
-94
75
20
28
-46
-15
1
16
-89
-89
-69
47
54
-19
-69
-65
16
-34
-50
42
14
-35
32
-33
-22
-52
74
-63
93
61
-14
82
-24
-31
-44
27
79
21
19
64
44
-77
-5
25
24
-85
-30
60
-41
46
83
80
-48
18
14
89
74
-41
-91
63
-80
37
68
-39
31
17
-36
1
57
-11
-33
43
-68
9
-43
0
6
-88
-59
77
-23
-7
51
-7
-98
-13
37
66
29
-92
57
-86
44
96
-39
24
90
-66
-98
-85
-10
-42
16
-80
-39
-19
31
-68
-91
-56
-55
25
-29
83
-85
94
-76
17
-41
46
-53
87
-76
68
77
-9
-95
-83
-14
51
-24
43
-4
22
-99
0
8
74
59
45
9
-22
-41
27
-78
77
-7
31
-8
8
-2
34
72
-53
-80
37
29
56
-44
-93
-16
-81
-87
14
-33
16
-50
32
-49
53
50
80
13
83
-32
39
-82
27
56
-76
81
79
73
27
-33
78
45
-39
-67
-11
48
89
-27
-43
99
3
13
56
27
40
9
4
-72
66
64
5
-7
82
-57
95
69
37
-37
-57
92
34
49
-99
-78
-46
1
-46
78
-57
70
49
28
-23
79
53
-97
-89
-84
-5
-24
38
85
31
-47
-56
-36
78
67
-29
-86
22
-84
-70
1
-85
-1
-97
-57
65
23
-96
18
-3
-28
7
70
57
-16
39
-53
46
-83
53
98
13
64
21
-44
-1
-27
64
-15
-8
-91
-33
53
24
-41
-37
-37
-73
44
38
-57
5
-24
50
7
28
-73
38
-8
-87
88
41
24
3
89
-30
47
-32
13
-93
-41
-31
-28
-95
61
54
-20
48
26
28
24
25
-63
25
79
94
-43
-54
-33
-23
-3
82
-47
-80
43
-90
24
21
90
-36
89
-53
18
-65
-97
-42
59
-62
-94
-19
-26
-10
12
-41
-20
36
99
-99
-9
-97
97
28
6
39
-68
58
29
-69
96
-53
-12
78
-77
-94
-14
19
-17
47
-23
-53
68
-73
-1
68
-58
-87
48
-18
45
-12
-54
31
41
60
-24
21
58
-18
-90
-70
68
-72
97
-20
-74
-75
-76
-26
-5
56
-66
97
-47
84
99
-89
7
-38
-65
13
87
-94
-86
-63
-61
-49
-33
-34
-94
-41
-27
-96
31
-47
-14
41
75
-23
-71
59
3
-81
-65
76
-32
20
-68
-14
14
-64
86
-14
-43
64
-81
43
8
29
96
17
-78
27
81
23
-25
12
-84
57
-13
1
90
-61
-46
51
65
-25
-37
-97
50
-71
-33
-15
83
19
-28
1
-4
18
32
-62
-67
-100
-89
32
-1
-22
-65
42
44
38
-85
71
-25
-21
61
-15
28
-85
51
77
-18
-69
-60
26
-95
-57
57
75
-15
-98
-44
91
31
90
-30
-6
76
-1
-85
-19
67
-43
-77
-61
15
15
44
51
-59
21
73
-69
-38
17
60
87
43
-37
-45
6
-50
-76
-66
-62
16
-13
90
-6
-1
-31
52
-84
-93
-66
-80
-91
81
-85
92
5
-77
-33
-95
-76
-62
-84
12
-42
26
93
-76
-54
0
-31
66
27
-46
91
-97
-25
-47
26
-30
-80
-44
42
-63
-56
43
-14
36
-52
13
92
-18
-91
27
20
-89
4
12
-30
74
54
78
4
-96
99
-19
6
-77
-21
9
-40
2
83
-72
89
2
-35
36
50
-82
-78
64
77
55
-56
-40
-97
67
9
-70
23
28
-90
12
68
71
39
85
-22
-64
37
89
-88
-34
80
99
41
37
55
95
36
50
69
42
-9
14
28
25
19
-79
85
-47
23
-12
82
81
-24
10
41
92
58
-31
47
-83
-58
36
16
-56
-57
52
24
-90
-63
32
50
68
-78
16
-47
86
-81
-39
-61
29
27
22
57
50
7
62
1
5
17
-46
25
-10
68
21
-19
-94
-32
-71
-19
-99
-51
58
-43
-19
40
-91
-8
-54
-31
-71
12
-35
1
90
-61
-48
40
81
51
-77
40
-47
61
25
97
65
18
-90
-33
74
-6
-60
-77
56
14
15
-65
53
-16
-52
-26
-84
-45
99
-11
-1
-60
-18
-61
-8
-76
-49
88
51
-88
-15
10
3
-16
-1
-9
91
68
60
25
37
-22
11
-21
80
-83
-66
42
-23
-58
94
-86
-40
-25
-36
-23
-44
81
-85
-30
-28
-82
63
23
-98
21
77
-83
48
57
79
54
26
-17
-44
45
54
9
63
-13
-11
-36
17
-18
65
82
45
88
-56
-99
-56
-20
-33
11
-83
91
-96
-4
-80
93
-18
-90
-37
-94
-57
48
11
-69
-99
41
-74
39
-82
9
-67
58
44
93
0
-20
98
66
-57
-29
-15
82
69
52
-29
57
-14
69
-54
47
59
88
69
92
-88
-99
37
44
-83
97
99
70
27
84
-15
61
51
1
21
97
74
-59
9
91
-65
14
-7
-72
-25
23
33
-61
37
89
-39
72
-15
9
1
10
19
87
81
56
64
8
57
-80
-12
71
-61
-83
-71
62
76
55
-66
-57
-3
-52
67
-48
-93
36
38
78
50
-41
-78
96
-54
13
-2
58
-29
55
-7
-15
38
37
9
-55
97
-1
69
-56
-55
-92
-63
60
-33
53
8
-15
-25
26
-61
75
-36
67
47
-19
-68
-84
99
82
69
7
-14
92
-26
-65
45
79
67
8
96
-79
21
-54
13
11
-43
-32
66
2
-58
3
-50
-10
29
26
-43
-99
67
44
-85
-64
-37
-88
-4
43
5
73
47
-14
-97
9
-77
-14
-10
57
-64
-90
-72
-15
-62
94
-90
-64
-29
70
9
-6
45
-53
59
29
-34
-61
-67
-76
-90
27
-38
-20
-49
1
76
-10
-48
64
70
77
75
7
-23
86
75
-57
36
-14
-94
49
68
96
40
-89
34
80
70
96
57
-44
-26
73
80
7
-28
-42
-95
13
-100
-63
13
-78
45
2
45
-14
2
-24
9
-47
-9
95
-47
-77
-18
76
24
-98
-89
42
29
94
-31
0
14
-34
10
71
81
-39
-9
10
-23
-80
29
11
14
-90
40
98
62
36
58
13
22
18
-87
-64
-68
-86
-22
74
64
46
70
-96
19
68
7
45
18
-46
-38
-84
-72
69
-91
15
57
-82
31
-89
-72
65
67
-64
45
59
36
2
31
-80
58
-55
40
6
-17
47
-28
-58
-62
-15
-17
96
-99
11
-49
-11
-25
13
-63
-38
62
-48
-8
21
18
-85
-32
77
-61
-72
-85
-66
-28
-94
14
51
-11
-34
-72
-2
-2
57
95
36
-81
-12
-14
-81
-72
-43
71
-62
-46
-34
88
1
82
52
-51
11
-7
25
-67
-59
90
-7
-96
28
-43
-29
-24
87
-15
-84
-45
76
-46
-63
12
-100
-57
69
-89
-43
-66
-19
22
-65
86
98
71
-100
50
93
-13
96
-89
-39
92
-31
-52
-41
67
-47
86
-17
-3
-74
28
-28
-70
38
-94
-62
-55
-11
86
-13
55
-44
-86
-64
9
-10
-90
-23
-59
-95
-59
18
-46
-19
4
79
-77
57
-17
-44
-15
13
-79
-73
-64
8
-12
-27
-45
29
-1
25
60
27
-25
29
58
-56
7
43
26
-45
-80
-61
-72
54
61
11
-5
-53
84
-41
-46
87
-67
-80
-73
-15
2
-84
-33
-19
54
72
-23
-5
-44
59
-44
14
-98
68
-4
-8
11
-87
72
26
10
6
14
49
-61
56
-90
-37
99
-46
-12
41
-51
0
-16
-4
-9
-6
16
5
-64
14
-46
-67
26
64
99
76
76
-39
8
-50
6
7
-83
-99
66
73
8
6
1
-62
33
-83
-77
-52
-65
-20
47
42
72
19
39
-30
-28
-27
87
14
-37
-80
12
-66
2
58
98
-70
26
61
60
78
-43
75
-100
-59
85
-100
70
80
52
-79
44
59
48
69
7
-24
-82
-91
-83
-74
46
39
69
24
34
97
-5
59
80
-49
82
17
-2
-14
46
33
-91
-74
-92
43
36
67
-31
7
-39
84
-19
35
-64
-13
-4
-33
26
57
-95
-63
57
73
-97
58
67
-4
58
63
79
90
-37
7
6
48
-41
-66
11
31
-46
59
21
-92
-63
-1
13
-20
-13
61
-3
-22
81
-36
-13
-24
50
31
64
-4
-58
-74
96
11
78
-89
22
-53
66
57
-89
93
36
1
-11
55
-94
-42
19
-61
-46
-23
-20
56
47
31
-74
-86
-58
22
-4
-22
28
-63
-24
-68
59
-21
74
-17
-48
13
-46
-31
-19
-88
58
-1
69
-66
-93
60
-90
-96
27
-11
-19
24
-7
3
4
-47
-4
-63
-77
-66
43
-53
0
56
-60
-77
59
-56
39
95
42
-86
-81
-58
-84
66
-88
-48
81
-63
-57
-86
76
-80
68
89
-18
17
-61
99
41
-47
-44
-4
-94
-10
-8
71
-59
-100
60
-40
19
-99
-40
47
-83
-89
-23
66
9
-30
96
33
92
21
39
-6
35
-16
-36
81
-97
-32
-4
65
8
90
-4
41
36
-37
64
-34
-21
78
52
-65
-42
37
64
39
-32
-27
-29
-37
43
-79
4
2
-8
2
33
-38
-92
42
-14
-12
67
-91
-19
26
39
-47
91
-17
81
-23
-90
52
29
-89
3
-91
-63
-34
-11
-38
54
9
58
92
95
-99
13
90
-7
32
92
-39
7
51
-77
96
6
15
-60
72
96
-66
-13
-77
-35
41
-51
0
-9
-62
-23
61
-24
-38
-77
57
-12
33
29
-30
-25
-41
2
47
-86
4
-38
23
89
-23
-83
18
-53
-70
65
20
-48
38
47
11
68
68
-88
-36
-65
-83
-8
42
62
-14
-56
24
39
-11
41
-19
96
54
-89
-39
-91
67
64
-53
-82
48
-50
-2
51
-50
46
-30
94
66
-23
35
56
-46
-64
98
-11
43
-77
26
20
-81
48
-7
74
-89
36
-40
-97
-96
44
-78
-84
-35
-35
-84
-36
79
6
67
-99
-27
-55
-18
-50
99
-38
-94
-97
37
-12
82
68
94
-14
59
66
-82
-87
88
-4
-17
-34
22
43
21
77
1
89
47
10
94
-44
95
-69
43
-88
-80
-69
-71
83
-52
-63
-47
-38
23
85
-4
-1
-3
-99
25
-51
-44
-62
-38
-46
-31
-2
92
-81
-38
42
-16
-57
82
-25
-49
71
44
-62
42
-82
91
-67
59
-17
-35
-19
46
-23
-96
-71
18
-46
95
30
-40
66
89
10
-89
68
68
-100
-37
22
11
62
62
-83
-2
-53
-42
-28
62
-60
40
-67
-77
-58
-43
-94
75
4
5
48
57
-47
17
7
48
92
-31
-7
89
-63
54
18
26
97
27
-72
-66
26
57
7
-82
-8
45
52
54
29
-56
-32
-9
59
-54
-93
-69
-42
-83
-26
73
99
-29
-75
16
-87
-26
86
-58
-18
55
64
-89
-36
86
-81
59
-15
72
42
-47
47
-5
15
-10
13
-9
55
62
-5
24
-49
-57
-17
-84
-47
52
47
90
-17
60
15
81
-84
-63
-65
22
72
-92
34
-10
42
-28
-91
91
-85
15
-25
-94
-24
-26
5
45
-2
65
84
41
-83
15
90
-24
-7
15
13
73
-59
10
83
74
61
-97
62
-22
-77
70
-14
7
59
94
67
86
-95
67
33
-96
41
20
32
-86
-6
-10
-92
-30
0
54
11
94
-49
26
4
46
80
-78
-10
51
19
33
53
-87
48
-95
60
-85
17
-47
-48
95
-64
-44
-27
-53
-66
-99
5
-75
-30
-65
-43
15
40
-3
-29
89
-27
-76
-5
-92
75
-6
-62
-53
13
37
-77
15
-81
-96
-56
80
57
-49
99
79
-53
1
30
25
79
-43
-68
49
71
-10
-54
32
13
42
69
34
48
64
-74
-56
-79
85
-63
-43
-15
-23
41
-51
-81
-25
90
70
-32
-88
77
65
99
-73
73
-26
-59
-1
-53
-15
45
30
-20
-58
36
84
41
13
25
4
-35
53
-28
38
9
-25
38
38
-73
87
39
93
96
-65
-53
-25
61
61
94
71
5
-85
65
-50
14
-95
-33
70
-83
-42
2
57
-21
66
-85
70
91
67
-2
-92
21
-60
18
16
52
9
41
15
86
52
38
-16
-51
-7
91
17
-9
-29
60
-52
35
-95
32
-22
41
-88
-57
-72
-71
-83
62
40
94
34
53
-10
91
5
-51
-25
71
37
55
3
89
-57
-17
-22
1
-58
57
-75
94
-15
-13
43
-11
-72
47
-66
94
-38
67
51
57
49
-76
4
27
-38
-77
22
30
89
-11
-5
-96
-89
79
-41
50
14
24
-34
-9
-33
-20
-73
2
-9
-70
3
3
-22
3
28
-71
50
7
-47
60
-19
-27
37
-99
-60
-89
51
-34
-86
-10
-41
68
-73
-92
14
78
-55
76
65
-98
54
32
97
32
34
-20
-53
-61
-59
10
-75
76
-67
76
63
83
62
82
-95
48
74
-63
-59
-7
1
-26
70
-89
91
51
-34
1
-15
9
-10
-76
-58
64
-69
43
98
38
88
-24
5
45
96
-82
19
-64
41
0
57
0
-9
7
-37
-75
10
15
-80
-97
91
54
2
-11
-98
18
18
56
-49
34
9
81
-45
48
25
-21
48
-76
86
4
67
55
-25
-12
36
-12
-1
-73
-84
44
69
-11
-59
-7
73
8
77
-58
-99
27
-58
38
-33
55
-7
55
50
60
-61
46
95
-70
50
-84
8
19
-14
-16
-39
-49
-56
-79
47
28
-94
58
0
60
-82
76
16
-43
2
-66
-87
-64
99
-59
83
27
55
-3
-11
-26
-5
53
-63
-81
91
80
-66
79
-90
-71
-1
-64
96
15
18
-71
-10
-24
-93
24
53
-5
34
99
26
67
63
61
99
-9
26
65
81
-26
70
-64
-8
74
50
92
94
-96
20
-87
26
64
-50
-65
10
47
-85
92
-97
73
-55
71
-33
-16
-83
74
-88
-42
5
6
43
57
74
85
9
3
-68
-31
96
5
45
28
66
99
89
48
3
-63
8
75
-100
-73
-51
45
50
-46
-59
85
-15
47
-88
-56
-81
-19
1
-55
-23
-84
-72
-57
99
77
8
-83
-29
84
39
-3
31
-97
41
-14
-81
45
31
22
-99
73
-66
14
-38
24
-17
67
-25
-59
15
-41
91
38
-40
-42
-82
-48
84
63
-35
-30
31
-51
-69
32
89
26
31
98
41
-73
-24
-49
78
38
-75
-61
44
-60
-64
-54
89
-36
-47
-88
64
43
80
24
-60
-41
-91
16
-69
-99
-65
12
-82
56
-25
53
-30
-32
-11
-63
-39
41
33
-34
-55
75
91
-84
36
-48
21
-65
-63
-11
-10
8
63
-31
-84
-1
-49
-42
56
-8
56
95
-41
86
8
-21
69
85
-12
-95
-46
-12
-40
-1
-11
-67
40
59
-51
-100
9
87
93
91
70
-11
92
-16
14
51
-72
-33
-23
71
58
-41
53
26
-55
65
49
-22
87
31
75
-80
49
12
27
-1
-70
-53
-32
81
-62
-58
-69
-97
-74
-89
89
-47
22
50
-43
49
5
41
31
44
-42
72
-78
55
15
20
37
50
33
-82
75
26
-39
26
22
-11
-73
-67
41
-34
88
68
30
-50
51
3
44
53
65
30
-59
-68
62
93
11
33
92
-9
83
43
-69
-79
38
41
-52
-93
88
70
34
-11
-53
-8
23
-4
-93
84
-66
39
-22
13
18
-98
88
33
-35
23
76
44
-40
-8
-9
80
-79
19
8
-44
-83
79
85
-5
7
-42
-8
25
-90
-17
98
9
53
-78
-71
-27
-36
36
74
73
39
77
34
-19
3
18
98
-74
-74
-3
65
-72
-83
-22
-91
-25
-67
-82
51
36
-10
-88
88
-50
75
15
-38
-17
5
-86
-2
-17
-9
-20
56
-28
-1
2
-8
-14
-100
-48
-2
-98
18
-58
79
-66
-1
-51
-45
55
-28
93
-48
92
63
64
-77
39
-84
-93
-74
28
-55
4
-3
31
-38
-17
12
20
-45
10
71
69
68
32
90
-32
-49
71
23
-5
-34
55
93
39
41
-11
-7
-77
52
92
-4
-88
23
-93
-86
34
-9
7
-30
-15
33
67
-82
74
1
61
-87
30
68
-42
62
-45
41
20
70
-20
-40
84
12
75
34
89
-92
70
33
-99
-49
-14
-45
-25
60
-61
-9
-85
31
-7
21
-79
-20
26
-49
0
-64
20
11
-12
-69
4
-70
-16
91
11
93
81
-56
54
-45
23
-82
-30
-70
-95
98
-58
73
-78
21
19
11
-12
-18
50
60
7
-100
82
77
36
32
-16
-93
-2
-77
-70
-39
-20
60
-25
-95
-98
-88
88
59
44
27
