-55
4448
42
-22
48
-44
-99
-38
75
-32
50
-2
40
94
-12
0
56
49
4
76
28
20
61
81
11
54
55
-30
-26
65
64
43
-36
43
31
65
54
40
37
-10
73
8
-24
-5
28
-12
-90
-97
-79
-43
36
-68
-37
45
88
-83
53
-92
-64
50
-86
82
9
-2
-48
7
3
51
97
82
53
-26
57
24
-51
40
77
-47
-54
-33
22
75
-79
-66
21
26
-22
-20
71
96
-9
-89
50
71
73
40
49
-61
18
22
-43
35
-57
70
71
-55
-72
-77
19
7
-74
-54
17
51
85
-86
-23
-88
-88
33
58
-3
-98
62
-73
-79
37
-95
-55
56
84
-58
80
-73
70
95
79
92
98
-42
8
-92
63
-65
-60
-70
94
-44
33
46
70
29
74
-50
85
9
-91
-33
-75
-50
11
90
-69
-34
28
-14
26
40
89
-19
48
44
6
48
-43
-11
80
-50
70
-45
8
-65
88
-53
51
-52
48
19
-11
-4
98
5
17
91
-67
-39
-54
40
55
-84
-73
23
40
-29
-34
-73
-13
-41
-91
31
-44
39
37
-75
75
33
-10
59
-69
75
22
92
-22
-45
-55
78
93
57
-2
-48
87
57
27
-76
12
65
-73
-91
-2
54
36
-68
40
-46
70
52
85
-82
-54
8
3
83
83
-88
-73
-32
1
17
-75
-21
-25
75
33
-91
88
-29
35
59
67
94
99
0
-96
43
-63
-49
-85
-57
-67
-44
50
88
41
-2
45
-75
64
45
20
83
25
78
-51
-47
-76
64
-75
33
32
-84
5
30
-31
48
-29
21
53
-13
-63
-58
-39
40
-37
3
42
72
75
-89
81
-71
-37
-37
14
-42
43
-59
-31
26
-16
-100
42
-97
-30
-17
-19
85
-30
-89
-51
-98
62
91
13
-19
-72
0
-70
77
86
-25
-9
64
-60
7
-84
74
-49
43
32
88
-25
90
-40
-12
-38
43
75
46
-60
-33
51
-27
69
79
51
20
-50
-25
42
-81
6
-94
-90
11
-89
-77
-85
17
-16
75
-78
66
-24
8
-18
50
22
-93
-20
20
-53
-52
-21
82
77
-37
64
33
-73
-95
-88
87
-29
-36
2
6
89
14
46
-9
-12
-36
96
-94
-40
-10
93
68
-16
-10
-3
-29
61
23
-77
98
50
-7
-44
-30
78
-35
73
-78
90
-76
-80
18
57
-6
65
86
-12
47
-22
90
-61
78
27
-40
50
60
32
-87
-16
97
33
87
41
21
-28
-2
-71
-10
91
-52
-39
56
-68
-28
57
-45
58
92
-50
28
0
81
-76
25
-23
-29
-1
74
-97
89
-70
-45
66
70
-22
39
58
48
-11
-64
82
-73
52
46
79
67
-52
-80
-53
26
30
91
2
64
-55
-66
-6
-11
27
82
-26
-83
-94
-57
64
-19
91
37
-85
-25
10
97
-43
-83
43
38
41
-59
-15
24
37
-41
-96
44
48
-70
36
-84
-66
-3
92
76
55
69
-27
8
-11
4
-95
60
75
-31
-63
35
71
3
-26
92
-34
-17
47
-48
-49
-73
52
80
-11
-46
96
96
-94
52
94
16
-43
78
-14
-51
-22
-47
98
-20
-7
-56
-79
-44
-6
-13
28
43
28
86
-85
67
-54
93
74
-32
-32
-92
15
-13
-2
-32
-67
-15
-53
52
-71
-66
-72
-19
82
-45
97
-1
40
60
-74
-12
-2
-81
8
48
-41
-93
-23
52
-36
-35
89
-99
95
62
34
27
-50
70
-31
-81
-94
-78
-71
5
-65
-30
-77
-48
60
-84
91
-96
-30
-54
33
-34
1
27
78
90
5
-56
46
-11
83
50
-68
-27
-75
-38
81
-3
-49
-38
-32
95
96
-6
-18
12
-32
-14
-11
-11
37
-30
-93
67
-32
-26
33
72
53
35
3
-70
13
48
-42
80
-100
55
-22
-40
19
-11
-66
72
-32
-18
-46
37
19
63
83
69
-93
73
-81
-70
31
-90
21
-27
49
89
43
24
91
-47
-52
62
84
-7
78
57
-64
55
86
-60
-67
-50
-30
-7
7
-42
-12
-75
19
-18
82
-57
-51
99
37
10
-38
-5
-33
-88
24
20
-42
70
-22
41
38
-31
-23
73
-68
25
-65
-6
87
-5
48
36
-88
88
-94
-83
17
86
-6
-22
-60
69
79
-8
56
81
7
-5
-93
13
57
-83
-55
-27
78
7
-39
-49
-21
-49
-88
84
-85
96
-5
-40
-51
-5
-73
-7
47
65
60
12
4
-61
-47
50
38
34
-31
34
40
-91
6
-36
-35
-72
-44
27
-1
87
-96
-39
-66
-28
-77
-60
76
82
-86
88
-86
-44
83
-42
-35
15
-90
-49
68
-100
50
1
-49
79
-52
-49
27
5
79
64
-47
-36
20
-78
14
71
-46
32
65
6
-87
-95
-39
-68
-27
52
-33
-89
34
62
-63
18
36
71
-41
2
19
35
32
44
46
80
53
-29
32
-15
8
-64
52
-96
-85
82
-9
18
-48
78
54
22
-63
-34
75
-64
29
44
-48
-75
-47
-10
79
42
-14
2
-78
30
-28
-58
64
62
66
70
-82
12
28
-33
-32
28
-62
66
-20
34
4
41
-100
7
18
31
14
-31
64
2
-54
-41
-21
-37
28
-30
6
-13
-72
43
-77
91
-21
-27
21
2
-96
53
56
83
38
-28
-87
-28
15
-57
-43
-64
-90
7
35
-39
-84
70
78
13
46
24
-70
56
-34
-58
63
-26
42
-25
90
-7
-43
87
-43
2
-53
-5
-79
89
-29
-75
-43
-45
-32
-66
53
-10
-40
26
23
97
-3
-51
33
-12
-94
-50
39
-41
-41
6
-71
40
3
-57
-81
-63
-69
-76
-93
-5
-44
-24
42
-6
-50
-76
-77
28
81
-34
98
7
-97
30
39
-29
67
-7
-80
32
-65
7
10
-100
25
31
5
-7
-74
7
-67
98
78
97
-44
81
-85
-26
-99
-46
77
-73
65
19
-69
51
-90
10
-100
8
16
-11
-76
74
30
-20
12
11
81
53
-96
36
-6
-49
61
1
6
-99
-20
-2
16
-68
-49
15
-86
-36
30
63
64
96
-1
77
47
-1
13
-66
-83
14
-27
27
-27
-39
22
-28
24
41
-3
71
33
-8
-51
44
-7
-28
4
45
30
33
-68
5
83
21
-20
70
74
41
-81
-27
95
-18
-93
19
-59
-90
-73
-69
14
-71
-51
-8
89
-19
68
97
-26
15
87
8
96
-81
41
-1
-83
-5
-76
73
-97
23
30
-52
-52
0
-24
-3
-76
12
22
69
25
-89
24
46
27
12
-59
30
85
86
50
-58
-37
44
-84
-17
-68
59
-45
50
-23
-49
-73
18
62
12
-58
-43
-42
56
3
80
84
-16
-67
46
94
9
14
21
20
61
-53
11
-29
-35
68
77
-33
-46
5
57
45
-19
75
17
-67
22
-94
-41
-60
34
-24
95
78
93
55
14
32
-26
46
-42
-58
-95
-50
77
-53
44
-18
-14
38
-54
15
-94
-22
23
70
-55
-70
-88
25
-51
79
-67
40
-7
54
-95
-59
87
-48
-85
-75
-9
-82
-8
23
32
-27
-72
-46
-4
85
51
-89
-24
-85
-26
79
-41
-75
57
-75
23
-34
30
-61
4
84
-88
-1
7
95
87
-26
-81
-59
36
-49
40
-56
-10
-12
28
-87
-19
-89
51
-42
64
-78
47
77
36
34
-7
-41
99
10
8
62
59
-49
-56
-97
-55
81
41
48
26
81
-35
-77
73
81
-12
-80
31
36
80
81
94
41
-73
-97
-7
86
-28
4
90
73
-53
-94
-68
-100
-81
-8
-36
37
78
-51
45
-59
-5
77
82
2
-35
65
78
4
18
72
-16
72
-98
32
-94
73
71
-82
56
-18
-35
-81
2
22
-38
30
47
92
97
56
-85
95
-32
-90
83
-30
62
3
92
32
-77
-18
-21
97
43
38
44
-63
11
-45
-73
-88
45
-14
-41
-66
97
-90
91
-62
-98
-38
-58
-91
53
70
-74
-37
-42
69
14
95
-64
-20
26
64
-91
48
87
-83
-87
-9
-22
34
-67
35
74
-36
80
73
-42
-56
8
52
-71
53
18
3
-13
85
-49
-50
-65
-21
-77
-66
52
5
17
-50
-51
-18
-35
94
62
39
93
16
18
-5
75
82
90
0
66
29
-77
-99
77
63
30
82
44
95
-68
-58
54
-21
61
5
-17
-76
28
-45
31
93
7
-36
62
31
11
-57
2
78
-89
-56
88
-65
36
74
1
51
-26
-5
27
27
-98
79
59
-15
-14
35
-56
-60
-55
-1
-96
-8
18
72
-57
30
-62
21
-49
-19
28
29
51
-53
-8
-21
-74
53
26
-19
86
79
-93
-98
96
88
-19
72
-62
44
24
-28
90
-17
-4
-7
-63
-36
35
-61
51
88
-28
5
-39
83
-55
-10
-36
-78
-97
60
48
34
-76
-30
-9
73
-7
89
-7
-43
-53
-51
97
95
-94
-38
7
74
3
-41
-7
-10
-45
0
11
-24
74
99
17
64
58
-87
25
-84
-15
29
-74
-61
-28
-23
-65
-100
-26
-53
10
-60
57
65
-70
-13
-1
23
-12
7
-52
-14
50
-47
75
-48
85
-36
66
33
14
-93
16
12
-93
33
-62
-18
78
45
-51
-81
7
-55
51
-98
-38
26
91
73
-52
-48
-51
-23
97
15
-60
-37
-68
48
-52
-47
83
94
-58
24
72
98
40
23
71
-93
-26
-10
-54
-17
67
67
-50
-65
87
-68
-5
-50
19
-41
-58
18
29
-64
40
95
73
54
78
-73
13
12
44
-78
5
35
-91
-31
51
-98
-66
-32
98
-50
12
-100
-41
-87
52
52
16
-4
61
80
65
-97
57
-50
86
-95
-25
-73
-28
-45
-62
-58
-74
-52
-69
58
10
-44
63
76
-46
87
18
15
67
75
-67
25
69
10
-18
-17
90
-32
0
97
94
-84
-49
-55
-8
-49
-62
19
-34
-90
44
16
-63
91
-71
88
80
-93
47
-22
-12
-43
84
63
-79
-99
-85
93
70
80
-95
91
52
53
52
-73
-97
-85
-7
-15
19
96
78
96
53
5
15
51
61
81
-73
-82
64
-50
-40
-48
-62
2
43
10
-7
-85
75
-13
13
-19
-55
-61
-51
-9
-49
-44
85
56
-34
10
-83
15
-48
0
-100
63
18
-17
-44
-94
12
7
36
45
-63
-33
40
-23
-47
77
-95
83
77
-58
-90
99
-69
20
62
24
-25
58
-11
77
88
74
31
-9
-63
81
-45
17
-98
-58
-45
45
-71
29
57
-22
-46
90
-64
-41
50
98
43
25
-31
-58
-23
20
8
35
-90
-98
-60
77
62
29
69
16
91
20
-71
-95
-37
-41
35
-6
-15
70
-20
2
37
49
-23
99
71
43
-75
-44
85
58
47
-57
-88
-30
70
47
6
-23
41
-66
46
-73
-68
-9
76
90
-56
-17
-78
11
-39
86
-40
-78
96
60
1
11
-100
-66
39
47
27
-3
0
37
-60
-51
50
87
-24
-33
-20
-78
25
22
-90
60
35
18
-41
70
87
-31
-68
99
-18
5
56
-88
34
47
7
46
-59
-88
86
70
69
-52
32
62
-11
-2
34
-52
-73
15
46
-91
-39
-56
-44
-33
74
19
-29
29
-95
-36
-9
-13
55
35
-38
-17
-19
-4
31
88
50
44
-34
25
66
-91
-37
4
51
40
-85
33
87
-26
-86
66
72
-5
-100
-93
82
-20
27
28
66
88
-66
88
-17
-25
-85
43
81
81
-73
18
14
75
-40
75
-2
10
16
17
38
57
40
-26
97
-58
31
-70
35
99
-84
94
-18
13
-68
-87
-11
26
-63
40
-32
53
-64
94
-98
-85
-19
78
6
-21
-58
78
-32
30
73
-32
-40
-31
-14
56
44
37
45
-31
-55
35
-93
52
11
53
-25
-17
-11
-59
-88
-12
-31
-58
-50
-57
90
-67
-60
-97
65
-84
-96
-55
-86
85
-25
27
43
48
-27
38
-83
48
-92
-70
-25
-4
-77
51
-35
-18
47
85
-3
52
37
-79
39
62
-90
35
92
-78
74
-100
-54
-66
-70
-50
-9
-46
-44
-33
90
1
-76
-24
-21
0
-55
24
29
72
-32
-82
-40
-83
34
-12
-83
55
-7
-56
73
67
-44
94
23
68
-86
-76
91
99
-86
-16
-86
32
25
-42
1
-57
34
11
-49
72
-60
-96
22
39
-13
4
-45
11
-92
-81
39
60
22
39
71
75
72
-76
-64
-64
67
32
-93
39
85
-46
-88
-95
40
-17
2
-64
47
-8
-1
71
-32
70
-22
-35
-10
-47
53
19
10
-64
13
94
-61
43
-84
64
-31
42
40
27
11
-75
-51
-47
-91
-64
33
99
-1
-1
74
-69
4
83
48
-76
-63
-81
33
68
-92
-42
-91
-45
36
50
14
-67
46
-65
-83
-89
-88
97
-95
-18
33
-26
89
40
-24
-57
19
89
38
-7
-1
78
56
98
-10
41
16
-99
-18
-31
-77
98
43
28
75
-72
-53
34
52
-4
84
29
10
-47
12
-54
54
74
-66
55
-74
62
92
36
51
-27
-75
-72
-78
-83
90
25
-89
54
13
50
54
91
23
48
74
89
-52
-41
39
-30
-16
-13
-95
92
-95
-98
30
6
12
-79
-4
40
71
36
60
62
-11
16
-47
-96
8
-22
62
-23
-30
-8
5
85
80
25
-56
-27
-94
37
27
56
9
-42
50
23
-71
91
-21
-11
94
55
6
3
-53
4
-50
-29
-44
-15
-53
-23
-73
-11
41
11
-2
80
-11
-30
17
72
1
-52
-1
0
-8
-40
63
96
-25
11
-12
-41
-70
49
-19
31
31
-26
75
-10
-3
84
72
7
-40
-70
-57
7
24
28
-2
-9
61
-89
-35
-94
-7
92
63
47
-49
48
-17
-88
14
49
-58
-78
-53
47
-86
84
-77
17
-13
-29
-56
73
68
-53
-89
83
-80
-45
22
-26
12
-31
59
94
82
13
-62
-49
-42
51
-26
54
81
-49
-13
27
-19
-7
-15
62
-46
-61
59
-70
-6
-85
-28
-48
-57
-67
-95
52
24
42
-58
58
-19
-84
-83
-99
-100
-54
-22
47
-6
-80
-27
60
20
20
-8
-78
-52
42
86
70
-47
-45
-21
-93
-64
-64
-7
97
20
-9
77
-25
68
58
36
-25
-28
76
-95
33
-62
-55
-38
-31
-38
-42
-36
59
-75
39
97
-85
-54
25
-100
14
65
25
-76
68
-58
87
73
-35
-47
-41
45
87
75
-70
27
96
38
-5
45
47
-4
79
23
78
51
99
-50
-1
54
24
20
39
31
12
14
-22
-88
49
-71
2
7
-87
63
52
60
65
98
-57
-28
-64
39
-47
25
24
80
73
61
-18
3
-44
-54
-50
-5
-93
-84
-100
28
56
63
-22
-55
-26
-91
-25
7
-15
-55
31
-87
63
-28
96
9
56
11
52
-33
-24
52
-92
15
-71
34
-80
62
-51
-47
21
-67
-95
-62
68
96
-8
0
-68
-95
90
-98
82
33
36
-13
87
13
-10
-15
-69
88
-3
58
-69
-83
-99
57
35
7
62
28
90
-92
-67
-99
25
-22
30
91
99
69
-71
64
96
-16
29
86
57
-35
-90
-93
36
14
12
-59
94
50
9
90
-53
72
-69
30
-17
16
83
-22
46
-35
68
70
80
-16
-30
95
-57
-16
-41
-64
-57
10
10
-32
44
-16
3
-89
36
53
-22
-53
95
74
55
-76
89
-5
-93
-62
-48
33
2
-63
-24
14
-34
52
64
-37
49
44
90
23
54
-6
67
93
-30
-24
-99
53
-25
-76
60
-57
-16
86
-88
-3
28
63
0
66
-50
54
45
41
-20
89
42
-33
-31
-66
-50
60
-81
98
-29
-81
3
-3
72
42
56
-13
-23
-6
-34
-8
-80
90
-14
-62
8
-81
94
39
41
-24
42
69
-69
53
-3
12
40
-81
44
67
97
21
17
-17
44
-30
-40
26
-72
-10
-29
44
35
64
-33
15
-99
-72
-58
-54
58
45
-47
-98
-100
78
58
28
86
18
91
88
31
25
92
96
66
-76
-52
19
56
6
-74
73
-61
-41
17
46
19
89
-42
67
78
-97
83
-48
-58
-40
-62
1
-40
-82
-39
-24
-48
98
62
38
21
14
90
-97
-38
-100
-51
-76
21
56
66
83
14
98
-27
60
-51
0
-62
-5
52
-90
-45
-35
83
-51
70
99
94
-32
92
15
-41
-55
76
-73
22
-70
30
-83
93
7
93
-31
80
7
35
-97
-9
18
60
-27
-43
-27
-76
-48
54
34
-86
59
7
64
30
-23
90
-27
66
-12
40
-89
3
67
-21
22
40
9
55
-62
-32
-31
89
-63
-61
21
65
-73
86
-98
85
-16
-67
-96
-69
-67
-15
60
89
-63
99
-67
7
84
1
-13
22
31
13
70
-14
87
15
30
51
86
88
-97
-46
26
-13
67
-71
77
-95
8
25
-41
91
3
8
84
95
69
-74
-86
-60
-58
-22
-87
28
-5
-69
-89
93
26
-35
-50
-25
-63
63
74
26
-73
-71
-48
19
24
-3
22
-31
54
14
-9
-13
-77
-79
34
34
50
-89
13
20
73
94
72
48
80
-44
93
50
-50
-18
-82
-97
-52
65
41
-65
44
39
-59
-98
82
38
88
59
96
-77
90
-56
52
-29
50
67
9
-90
65
-66
30
-10
-95
94
-10
32
15
-62
16
87
48
-31
-89
-92
-31
-75
46
-82
81
12
-15
-45
51
-16
98
-14
3
35
-82
82
67
-21
81
59
66
-40
-100
45
74
-80
-63
27
-9
-9
-83
-66
-1
-13
-28
12
-40
-69
8
16
52
-19
-42
8
14
-23
-13
-71
-2
-20
-66
-62
71
25
83
55
-79
27
-59
15
69
-25
-4
50
-66
53
-88
49
35
-29
-69
-95
83
-22
64
-25
-34
-18
-72
-40
-15
-52
2
48
47
-73
-38
55
-23
13
13
75
19
-41
73
-72
-33
-11
-47
-1
-72
-69
-2
-55
-61
-15
-72
-12
16
-57
-67
15
70
-15
-27
-78
8
86
-80
-48
63
39
-96
-16
-67
-73
-11
-28
-43
35
67
66
68
66
-96
95
-53
23
89
-33
36
-47
-28
85
-48
55
16
-61
-4
-6
-44
66
92
19
-19
-49
-52
15
80
33
15
-31
62
65
0
3
82
15
38
49
93
23
80
-89
44
-46
26
61
-56
44
-63
-20
96
86
4
-57
63
88
95
-46
80
16
-3
80
36
27
-94
60
90
4
83
27
-9
35
-4
-66
36
-67
85
-85
3
55
-75
-42
-7
84
-97
54
49
-25
-32
-38
-97
-79
-98
35
-24
-65
58
-62
-4
28
36
-88
54
-41
-16
29
-45
76
39
46
65
22
-48
57
-17
55
-86
-45
71
30
-19
44
35
-24
-64
-90
92
-96
89
-58
-69
-77
-24
17
28
75
33
-86
53
-11
-71
26
20
-65
-49
-88
-15
-44
93
82
-9
-94
-21
-11
-36
-76
86
-52
28
-13
-6
-83
-33
-65
28
95
11
-53
-90
-81
-2
39
75
-60
7
-40
-83
94
12
-29
44
-38
8
71
88
-70
34
-50
-56
-87
-86
-92
-18
10
96
7
-25
90
4
-44
-91
97
-83
-26
-73
67
30
-79
27
33
38
-29
67
82
34
73
-83
-21
52
58
83
-72
-46
68
-16
-29
96
91
-92
82
-86
12
67
62
-58
49
-70
-76
-27
-64
7
57
-59
-40
27
14
29
76
68
-23
3
84
-93
13
62
35
-42
-97
83
79
-4
-15
-7
-98
45
38
-69
96
-46
64
50
6
-27
65
1
18
79
85
-15
92
32
38
22
-17
-11
67
74
62
-23
55
-28
23
-87
-91
-41
-90
-15
99
69
-12
-60
11
-40
79
-63
73
-13
-63
70
-54
-79
-39
-60
21
72
-22
-89
98
-3
-37
84
-54
-51
41
-100
46
63
-85
56
-32
-68
-93
26
-35
-85
-56
-96
-92
-56
-58
84
18
-94
25
-73
49
-43
19
-44
-64
-44
-71
-13
97
-22
0
40
-51
96
-92
-69
-43
-48
8
-66
50
57
-13
-55
-22
-71
-18
-40
53
-84
64
21
18
-82
36
-30
-46
80
-21
-38
25
28
-92
-58
79
-42
60
-87
-21
40
57
35
81
34
-30
-75
-80
4
37
49
5
5
-63
-64
28
50
-79
62
37
29
99
43
-58
50
-50
-82
46
50
65
-79
54
69
76
49
-2
-20
32
-44
-55
-74
-45
-34
23
62
38
-69
-19
-86
37
-89
-45
49
68
-38
84
-10
-12
44
-60
-99
85
-100
41
82
4
49
-76
-2
1
95
11
-91
-25
3
-41
78
-100
55
76
-97
1
23
14
59
-7
29
10
82
-51
7
-59
36
75
-13
-68
90
-82
41
1
11
79
61
-81
86
-71
-16
-21
-75
-67
58
19
16
-68
67
-84
46
-79
-72
-54
-17
-6
11
-16
-87
-49
-93
91
-59
-26
-68
-10
96
-70
89
49
76
73
57
-43
-66
60
43
-87
-53
65
53
-95
-60
80
9
45
-14
24
67
69
97
-36
-22
32
-45
18
-50
79
-8
-30
99
-52
-86
-65
-85
-31
66
-99
-97
-14
-39
55
-62
18
-29
40
81
43
-12
-86
44
53
-47
-47
-21
71
14
-69
-28
-47
-92
29
-16
-27
4
-78
-15
-42
-5
45
-34
-10
25
26
65
-38
-98
61
89
46
72
-83
-62
28
-14
27
27
89
-92
-93
15
-60
-57
99
-70
-13
-41
15
-34
49
63
39
-88
-4
85
-68
-38
65
-92
-97
-88
64
-80
96
37
-69
95
-35
37
-56
-81
45
14
-58
20
-69
46
9
-91
89
-72
52
-11
90
-62
55
0
-89
48
-7
87
-10
-49
-46
4
-7
-37
-39
-68
51
37
-100
-81
71
95
64
-92
-97
37
26
32
72
-31
-47
-69
-22
-9
-36
40
36
-9
-29
9
-62
-6
-53
-77
36
60
64
51
-74
-48
-43
24
82
42
-99
-95
59
-50
64
-79
58
-68
-6
-59
54
-51
-60
34
-59
-91
-45
-70
-86
-85
92
20
-87
4
-67
-38
20
-73
-46
42
88
-39
87
6
8
37
69
40
-88
-30
-4
-52
-83
57
-20
20
-82
86
22
-68
-71
-22
69
76
95
51
36
69
-1
-44
-58
-79
42
-41
84
87
-22
-67
92
24
-8
26
36
0
-19
61
-63
55
-58
-57
21
-9
95
43
-42
89
78
53
-49
-51
-95
-62
77
-63
44
-85
62
-58
-11
-84
76
67
-62
-78
-13
-18
-58
37
1
63
-84
-47
-23
-31
-36
-69
-91
39
18
-93
-78
-51
74
81
-18
-43
64
15
98
-42
73
66
6
-6
97
-2
-4
-15
-11
-56
2
67
67
89
-88
16
-96
-23
82
80
91
19
-77
79
66
-36
-83
-50
-67
60
17
44
79
85
23
-100
-57
-25
81
-91
-16
3
-86
13
17
-82
26
32
-27
86
58
2
3
-100
-58
59
1
-79
-89
-92
54
89
-51
66
99
-85
13
-76
69
60
7
57
-97
94
17
-57
-37
-94
43
-73
-92
-8
66
97
3
-78
28
-63
83
-84
-99
-29
-66
3
42
20
-74
-91
96
-47
35
-38
85
1
74
-47
66
90
-16
25
40
-90
70
-17
-85
93
15
82
4
-78
12
22
-69
-84
58
44
23
-4
35
12
90
0
-51
-43
26
73
-14
-37
-95
-95
66
4
30
96
82
-44
81
-42
60
31
39
-68
-46
36
-83
66
-21
92
-8
57
99
-46
-34
-83
-37
-14
-2
23
-10
68
-85
-18
54
92
87
43
10
-33
71
58
54
-38
29
62
35
84
67
-50
70
72
12
13
-100
-37
-6
-70
-84
55
90
-85
-5
-20
-46
51
62
60
91
-5
-36
40
67
-37
97
-41
55
31
11
-50
32
