-77
1665
-30
-80
21
-7
27
97
70
-36
-21
-26
23
88
-94
94
-24
-24
-63
10
-82
7
-3
39
-59
-99
77
33
60
36
-11
93
0
18
60
48
-93
-54
3
96
-39
75
-70
54
20
-40
-45
59
-85
46
-24
29
47
-30
76
6
-69
-80
67
-22
-52
-43
19
-44
99
14
-41
-74
-99
72
-87
56
79
56
46
-66
79
-33
94
-37
-21
29
-95
-51
36
8
81
25
78
-21
62
-82
-21
91
5
62
-59
-74
-90
30
-94
-69
-22
-95
98
-81
-26
-34
-55
75
-87
81
9
-34
-49
-53
38
-77
-69
-100
-14
20
-3
48
83
-19
-3
12
-72
59
-11
46
93
-73
82
-100
73
-99
0
86
33
-24
-28
-24
90
-78
92
-7
69
82
-95
21
58
62
-26
-32
90
86
87
-16
76
-85
-77
-10
-42
14
22
-81
49
67
-30
48
87
88
-52
-42
38
63
1
61
17
35
-49
0
27
73
89
29
7
0
39
43
67
-32
-75
-29
19
-93
-66
-80
-3
59
18
-22
-64
65
71
-61
-17
-57
-84
-95
0
-72
21
69
-74
76
76
-36
3
-58
-62
61
23
-95
69
45
-56
-34
-40
66
48
8
-86
39
78
53
-97
-92
-87
14
67
96
14
-32
-31
-7
56
-56
36
-34
50
-56
72
-25
22
-72
-51
-73
-5
-10
-67
-31
18
55
-28
4
-25
8
-57
74
-63
18
80
47
38
84
10
-28
-92
-90
29
85
-7
-97
17
43
-52
-48
77
-15
1
-90
-80
48
12
-16
79
83
-52
-20
66
88
95
-38
-6
58
-83
64
-48
-43
72
-86
59
81
-12
-23
11
32
-91
47
12
84
79
24
26
-35
-19
59
25
-17
78
25
66
-53
-28
67
46
-67
-8
-44
-47
80
74
21
-55
31
-100
30
-41
67
-78
-95
-73
-23
-78
96
42
-6
74
-48
-10
-24
48
90
92
98
-42
94
21
6
35
-13
-85
-26
60
44
13
-80
-68
98
-60
47
21
49
-32
39
30
37
-48
24
-28
-92
53
-49
69
-1
15
-86
97
-73
-93
-58
-29
-90
-26
1
-43
90
-87
-1
-1
4
-99
-85
91
-56
55
81
-37
23
17
-67
6
-12
-75
-17
-56
85
-37
95
90
39
-39
-9
32
13
-74
-45
1
87
-52
17
-5
82
-28
-68
77
-9
-85
44
-25
43
-58
-99
88
79
85
-54
-55
-78
96
21
92
24
-69
2
-27
61
-100
-21
-62
29
77
76
67
4
-50
85
18
-57
-27
4
30
-95
14
98
-84
87
83
61
55
8
-53
-34
-34
-63
68
-41
37
23
-3
-19
67
97
41
-80
33
-99
-93
-11
97
20
24
-19
-77
21
-57
-93
-58
89
60
-72
48
40
-31
-27
97
72
93
47
24
83
61
-4
74
81
47
-82
-27
98
-77
97
54
86
91
45
-72
75
-47
1
14
82
42
36
60
80
29
83
25
56
33
-73
-51
4
44
-69
-93
-3
-62
-74
-58
-77
-89
43
-56
52
-80
-21
85
98
45
36
-99
-3
42
67
88
12
88
-90
-15
73
-20
-87
18
45
2
-95
67
55
-84
72
-88
-40
-51
-64
-40
35
63
35
97
50
83
97
11
96
3
-80
-64
65
-65
-61
47
49
-94
52
80
36
38
52
-99
94
-76
44
-45
95
-69
-30
8
23
77
-84
-3
68
-74
-73
-13
-85
-13
-61
94
-16
39
7
88
47
25
9
-28
20
87
77
39
90
94
-12
42
74
-84
22
45
-65
-86
79
71
-80
-23
77
50
18
-82
13
-9
-68
97
15
-2
-12
33
-13
11
-45
-8
62
-78
-11
-53
15
-39
10
43
-68
-45
10
26
50
-11
-97
28
-53
-68
-54
66
98
79
-68
16
-32
81
-7
-93
4
-30
-13
-2
10
73
-27
-50
-81
18
-62
-5
-97
-38
-26
-37
-33
-22
16
-67
84
-19
54
-25
82
83
-2
-14
17
-32
-40
-15
-12
86
5
-24
21
-64
45
92
82
2
49
46
-67
-79
55
35
83
46
85
61
-57
54
-46
47
9
58
-97
43
-11
-63
-27
-6
64
-67
18
0
-65
-60
-34
-10
-45
9
9
-99
-9
-66
-92
48
33
-42
81
45
85
-84
-43
-59
-50
37
87
91
43
-99
-32
76
94
-52
-6
-51
68
93
53
-83
-81
-46
74
19
87
1
-80
4
-95
57
-29
74
92
-62
-79
69
-25
27
-90
30
85
61
-67
-87
-4
69
-35
12
-28
-76
39
-56
65
93
57
-67
-16
90
-55
17
-65
-76
-93
-37
-91
-71
-88
-29
80
-14
-65
-13
-14
54
-61
43
-39
66
96
53
24
78
-49
98
-48
-85
-89
-87
12
51
70
-6
48
95
-47
9
64
83
-26
-68
61
-86
-31
-55
88
37
-10
-60
-6
62
81
10
70
-64
27
-63
-51
66
49
98
37
34
-60
-16
-98
-31
-67
-52
-48
31
54
80
-45
97
67
-53
-93
70
-59
21
-48
13
90
-94
-25
67
-96
41
10
30
39
-76
-5
1
-43
-26
30
87
95
90
50
99
27
-85
-62
-89
-45
77
-95
-74
-33
-54
88
95
99
-80
60
-41
20
98
38
-64
-88
-44
5
-10
11
-94
-89
30
-67
93
85
-2
25
-79
28
-80
44
97
37
70
85
58
-11
8
14
8
-44
44
-30
78
-79
84
-58
95
-74
81
-27
29
-22
-81
-96
6
17
65
-61
60
-90
-2
-12
-70
-6
19
43
-75
63
-47
39
-51
22
52
20
86
70
-25
45
68
11
16
-88
-48
-45
68
-83
-82
20
-31
92
-13
34
-33
84
24
15
-24
-72
-58
-50
99
-81
-41
30
-41
31
-83
30
-55
-63
67
-3
94
80
-15
-76
54
47
0
-89
-27
-74
-56
23
-29
3
94
68
-38
-10
77
93
86
69
-49
-55
-45
51
91
37
-4
-54
36
90
-32
17
-43
55
48
69
87
69
-93
30
4
-3
-23
91
61
-8
-9
56
73
-28
82
41
41
-20
-18
-50
-90
-98
98
64
85
-92
-40
14
-11
-17
19
78
4
-35
-26
27
89
95
-24
84
43
63
-68
77
71
-77
64
70
-84
60
72
38
13
-33
-33
38
19
91
-98
72
-77
97
-44
-69
5
-6
66
84
-56
-45
-48
-45
-26
59
65
-49
-88
66
-44
-19
-2
41
-82
3
56
-2
-90
-11
-87
-31
-27
6
32
-12
33
77
-93
34
-96
-95
37
-42
57
-84
61
-83
94
-91
24
11
-10
-65
-75
-82
-64
65
70
81
-8
-17
28
4
-22
9
77
86
-86
79
-45
55
20
-52
-34
-37
-87
13
39
73
-37
-27
-20
55
50
8
49
-52
94
-17
-58
-41
-43
-85
3
97
-14
-25
-59
26
-47
91
55
75
-80
99
-73
83
58
-11
-33
-52
85
32
82
14
-14
-19
-86
-46
-75
-40
38
-62
-82
-7
-54
-50
7
-91
26
-83
-64
-85
75
-71
11
16
30
-99
-94
-72
47
47
-8
-2
-26
-72
-68
-22
-56
-95
93
-55
-41
-64
85
-47
-50
-55
13
31
-42
70
83
35
13
-16
17
45
-10
57
-43
-19
-5
-4
27
32
-16
-6
-22
28
25
-29
74
-50
-9
23
93
66
-31
-85
95
-73
87
-10
-98
-10
-71
52
80
92
-80
-17
80
-54
46
80
-70
83
-47
-11
-87
31
33
67
89
90
-99
-32
11
25
-90
-33
-88
39
-81
2
-70
22
85
0
-33
38
-92
1
-89
-94
24
-49
63
97
-67
-35
17
80
-34
79
-22
83
94
-90
-15
90
-12
86
-38
-19
-88
14
-65
-71
79
-49
19
-41
-39
-96
30
-34
-33
-90
57
9
41
-50
67
-62
1
79
-74
53
44
-78
80
65
89
-32
-2
-49
78
-48
-60
72
5
-79
2
-90
-52
42
9
-81
5
-38
-18
47
37
51
15
-27
-97
17
86
-64
24
-66
11
-13
-90
74
77
1
73
55
93
-61
50
84
-29
4
84
62
39
-56
-64
-97
82
0
-69
-22
39
-51
1
51
-42
-5
-8
99
95
-51
79
-65
55
-20
23
87
-68
67
-96
79
73
-47
50
-80
-1
17
-69
-27
-14
17
71
17
41
99
-25
62
-32
-8
86
-31
-13
-9
29
75
17
54
34
69
-10
-15
92
23
81
-11
-32
2
84
-75
17
-57
47
-43
-54
-67
-72
47
87
51
85
68
43
-34
-2
-91
-12
49
65
-91
-10
25
31
71
34
12
56
69
-25
27
67
-6
1
58
87
-3
-4
-75
39
45
70
-3
80
40
-99
-11
-93
-9
94
-16
96
56
22
70
74
-61
0
-72
69
16
34
18
25
78
-34
24
25
41
-64
-90
80
-79
40
72
9
64
-40
-33
-56
28
43
19
-88
-25
12
37
