-20
2852
-70
-100
10
48
36
-76
14
-68
-33
-11
-22
-7
20
96
-14
7
-18
88
-42
18
41
96
-43
55
-88
66
-27
59
50
-72
-72
-77
8
88
-85
-100
-53
-62
-96
-90
85
-62
-41
34
35
41
-46
-4
88
-9
29
-19
-2
-13
-10
-73
-23
97
52
57
-1
63
95
-84
-2
-16
56
42
-98
-94
-100
-90
-19
-73
-18
-70
-63
82
-48
-55
35
-80
-89
72
-83
-31
3
-31
50
38
-13
-88
25
-25
-73
-2
-93
-40
-91
22
-95
72
-40
-5
33
18
13
-57
-32
-92
43
50
-84
-93
-89
-14
18
-4
-75
70
-22
50
39
58
16
18
-82
63
-28
6
1
48
79
82
-99
-81
14
-48
75
-49
88
-31
79
-94
47
-47
85
-31
55
-70
-21
17
-64
12
-66
-44
13
-28
62
-78
35
-88
0
63
-53
45
-64
80
-89
-46
77
-85
45
-49
81
66
24
40
-25
52
40
83
-75
45
27
-10
27
2
-53
3
35
-53
90
-100
-26
25
70
-45
64
-94
17
-41
-46
5
-64
96
84
-93
-37
-51
-7
95
-62
9
-87
38
-62
-87
6
-10
90
-62
-53
-10
90
-24
-9
61
63
39
11
42
-9
-13
-23
-92
-100
-32
-30
37
88
22
-45
90
-23
8
-38
-27
-14
26
-37
18
-7
34
-6
46
-98
1
98
68
12
-21
66
-72
47
-10
29
81
7
50
44
-20
81
-37
57
-97
-84
-3
11
-41
-60
48
-77
61
91
84
-34
-12
4
0
22
-78
37
82
-9
53
40
34
-54
58
-48
-15
32
38
-13
57
9
62
-15
-2
9
72
12
-20
68
-47
99
42
-40
67
-52
-64
18
-85
-73
-79
-1
70
51
3
71
61
-44
-97
60
34
18
-80
-33
-95
36
35
-10
52
56
-34
-80
-74
-59
32
88
-39
-16
38
83
76
71
-11
65
56
-77
-80
-77
-50
-52
-26
-52
-87
35
39
-9
42
51
-19
-22
87
24
19
-62
3
-53
6
40
-98
65
17
24
70
73
-16
-65
-63
-23
2
89
-65
65
5
25
-62
29
49
48
-21
11
-96
-74
-85
-100
-38
-67
-69
-21
-60
-16
-63
-69
74
85
25
-50
12
-91
-82
77
-10
-22
-44
84
-26
66
-89
-28
52
-7
-55
9
47
66
-26
50
84
-95
89
70
-28
88
-89
-94
-10
64
-13
52
-48
-2
-28
35
-48
-81
55
69
65
-64
-90
-29
55
39
12
93
-28
32
23
-39
16
14
11
49
-57
79
-91
-90
-44
-89
74
72
-35
-79
78
-37
-20
6
-78
17
78
33
-23
52
-95
-83
55
53
11
24
24
81
-48
-33
29
11
7
-81
-6
40
53
-19
56
-82
52
-42
3
-64
-43
-40
-82
3
-26
-20
2
91
32
31
31
-51
1
30
-57
-23
-52
-2
18
-99
-24
62
89
40
63
64
-87
-2
97
-98
41
99
-29
53
9
82
-12
4
41
-31
-89
-87
51
48
-83
-40
30
25
48
55
51
-88
89
-89
-13
88
-62
6
17
-66
48
-42
0
-31
32
71
-38
-25
-62
38
-50
54
-93
-49
-49
54
-32
21
-76
-82
-80
12
-42
-8
94
-78
92
28
64
59
-10
59
-6
-48
-19
69
18
-90
14
71
-91
94
66
-48
50
23
54
-85
18
-63
26
73
6
53
87
28
-100
-21
37
-80
90
20
-66
-99
93
23
37
-58
99
-1
-96
11
32
-86
13
2
-46
-67
51
-44
-87
13
-8
-66
-25
-57
-19
10
-2
-61
-84
66
21
-62
-81
-89
-22
17
59
55
3
89
-10
50
0
82
11
60
-58
67
55
14
36
72
29
61
-65
95
-88
-79
-57
49
-71
19
-68
32
39
57
-21
83
-38
-2
-51
-28
96
84
-76
33
-24
30
43
61
-73
-47
82
-17
-62
87
-25
-73
98
-60
33
75
88
-93
-44
-29
-47
39
44
-30
-60
96
85
62
90
-98
-70
2
68
41
57
-42
-95
-15
-98
-36
-24
67
-63
-95
-26
-34
-73
-52
-40
-100
-50
63
46
24
76
69
-64
86
23
-64
43
9
-41
-58
-98
35
80
91
8
62
59
-14
52
44
-27
-11
57
42
5
88
59
-68
-37
-87
40
-81
23
82
-43
46
-40
-3
16
47
-99
87
-62
-41
-51
62
-96
-97
20
-20
65
-33
27
91
2
55
58
-5
99
63
-91
-21
12
27
-99
-12
10
-17
-18
-99
14
67
-91
-1
44
-66
25
-55
50
22
-21
28
22
-9
68
98
-76
35
-95
4
79
-19
-37
-90
87
44
-30
-40
84
-98
-39
27
-49
6
-69
-63
-84
3
20
-75
-83
19
40
65
-79
-35
15
83
-57
-49
-93
59
63
-2
-73
-20
61
-83
45
-62
82
94
-24
74
-81
50
88
-43
-59
60
41
49
-77
92
-21
-19
64
-80
69
-53
-75
-54
-92
-32
-52
-49
45
-34
-4
-83
9
16
69
-46
99
60
2
-69
9
-9
-40
-81
-80
-81
4
82
-23
-65
-3
-86
-95
-48
-82
41
-20
-12
60
-97
65
-43
11
-83
87
13
-63
-60
22
-55
91
-19
-41
-28
80
71
3
-98
-61
43
-58
-13
52
-52
-7
-15
56
24
16
-76
-11
-13
51
-39
-12
78
-47
83
-32
53
78
91
-28
96
-34
-62
18
-80
-26
-60
26
49
67
-22
-33
8
6
-48
-43
44
59
42
-32
28
-25
-13
-86
-38
35
-89
44
-13
25
51
-30
-56
-60
-55
21
-59
-87
44
73
-5
71
-94
17
-82
-33
2
-35
-36
40
21
-86
-16
68
88
-53
31
38
-13
12
-92
-88
-80
19
-97
-61
-89
30
-72
39
40
15
-33
-8
-37
-8
-77
34
27
-70
71
59
-94
70
-6
-39
-24
-73
54
-74
-82
74
47
-4
28
-18
-26
39
41
-34
-48
-54
0
14
9
-93
-21
-40
-15
-52
51
-47
47
90
-61
-82
79
21
-79
-65
-67
28
59
9
-67
-33
99
-95
62
-36
39
-58
47
-93
-49
-28
-29
47
-75
6
69
-10
7
-2
36
75
0
-37
26
4
35
-21
-58
62
91
2
65
-79
-95
70
14
89
90
7
72
-74
-63
-81
19
-70
54
-28
-61
46
-86
29
35
-70
90
92
-77
67
-83
93
-47
17
-68
19
61
-83
-3
-7
-84
89
-61
-1
-21
-16
41
91
40
-60
29
-9
-35
-44
40
-52
-29
-98
-81
-90
-84
-6
-46
29
-99
-29
84
36
-84
82
8
97
36
-11
22
-93
-43
-63
-14
-24
17
-4
11
-20
-96
61
-31
-88
75
3
-99
-69
-86
34
66
0
-53
62
-37
18
-12
-40
26
-43
39
91
28
0
78
20
-98
41
-13
-59
56
-16
89
4
-1
-23
-100
32
86
-46
-51
34
-26
17
74
18
-75
-77
35
48
28
-28
74
-98
-15
-95
39
49
96
21
-74
-47
14
-67
-1
73
-30
-26
-67
11
22
-74
-67
61
56
-82
-16
25
7
-32
-53
-33
-36
-97
-40
-65
-61
-82
-100
-29
81
32
-24
37
-67
70
-19
-84
4
55
97
-90
63
92
-44
28
95
4
56
27
-14
53
-23
-66
-38
61
21
34
47
-6
-39
23
-3
-44
24
-57
-46
40
-19
68
-30
-64
-45
78
89
92
-12
-27
-76
65
-26
42
8
-75
-97
-61
81
77
64
-31
-4
-34
15
-28
20
2
-26
-77
-69
-23
38
65
75
98
-72
10
-90
-63
53
-27
83
-46
45
49
83
-71
83
29
63
-41
-10
71
64
-38
55
-49
62
-59
47
4
78
62
-6
20
-74
16
81
64
-85
20
-46
-93
61
41
-100
-39
8
-87
89
-51
88
60
88
65
-43
50
-18
-8
28
30
-68
17
32
-21
-53
59
-59
-18
1
-100
-94
56
-60
58
-61
-92
-22
-40
-97
-86
20
-33
-65
-24
29
14
97
-57
-55
3
30
83
-17
2
-53
56
-97
59
-29
80
-80
-11
-46
78
98
-2
88
90
46
93
-96
68
82
-93
22
-75
66
-59
58
-73
-50
64
-17
-18
-83
65
-56
-69
-46
77
-28
-85
-59
-36
-83
77
-62
74
-24
-27
-3
-39
-85
-17
70
5
-66
-69
-37
34
97
-6
46
82
88
85
-31
39
-48
-9
-50
-24
94
-32
-90
33
-27
26
36
-5
99
-25
90
17
-68
23
-75
-41
-28
-23
24
25
-100
-2
67
-18
-4
-67
98
18
25
-99
-39
13
-72
-34
98
9
-52
16
26
11
-59
77
-54
70
-27
-24
-26
66
89
-9
-26
76
-17
-39
4
-65
68
-32
72
59
30
-91
-12
98
-5
-50
-8
22
44
53
40
85
-58
87
11
-48
2
32
42
94
59
-47
91
88
65
62
-36
-79
41
78
-38
88
88
-83
-47
-60
82
98
16
35
40
73
-21
-23
-69
-16
-62
14
36
-61
24
-75
-12
-48
64
89
96
82
-10
-74
-35
-81
-67
-96
50
-53
-73
-60
33
-49
-72
-70
-57
-45
68
11
26
-58
-93
39
87
28
-68
-45
14
67
-69
-8
-41
-4
11
18
63
12
2
98
-66
-12
93
-29
-26
53
-42
-62
37
-41
-100
-99
-76
99
18
41
6
79
11
99
33
52
94
43
-42
15
-37
65
64
13
8
3
65
-15
-60
91
97
-88
-88
9
57
-65
-28
56
-77
-55
57
-17
-41
21
-56
-31
59
-2
-68
-42
73
60
-14
89
-67
-78
-74
-33
-14
-48
-73
-79
17
-4
-90
34
-75
-99
25
-68
-29
51
53
53
8
-2
-24
-36
-2
-87
-48
80
-40
87
30
-59
-49
26
-12
-63
-29
41
55
-43
-52
88
80
54
53
-97
3
-97
30
98
47
7
-95
83
41
-74
63
-46
-28
-21
50
57
-27
39
-34
-41
-14
30
-48
69
-61
28
6
95
86
-83
55
-85
48
-86
-19
13
67
-4
-96
-33
56
34
-27
35
-100
6
33
-34
85
-78
41
36
-13
36
-99
-36
65
-83
-57
-18
-50
83
38
75
13
-47
-66
-18
-3
93
61
17
30
71
-25
31
64
-100
97
52
-53
-35
25
-33
-73
-28
42
67
-63
-15
43
-36
-96
-7
-87
-14
-36
2
19
63
-37
-28
-85
-98
18
-32
-29
89
-2
-90
21
3
-1
25
-17
-42
93
-4
-21
-45
0
40
-27
29
94
24
49
20
-52
16
-23
42
-86
43
-58
5
-92
45
-48
-79
-17
71
-78
36
10
-92
-15
58
83
20
-64
13
-80
63
43
-58
-75
45
-62
26
64
53
-61
-78
-29
1
-54
-2
-18
57
-67
-31
90
-2
0
95
2
-93
-31
36
81
98
61
-85
-14
-30
11
15
-51
41
-62
43
-50
10
10
-8
-18
51
12
-47
8
27
-39
-2
7
15
51
-22
29
-19
-23
-21
-30
-84
-43
-61
-70
-91
47
-37
78
-14
7
98
-29
68
83
-52
98
32
99
15
46
-71
67
-52
49
65
-29
-63
97
-44
26
1
-6
-98
-57
-87
-26
0
80
43
-13
-13
86
21
39
60
-28
54
-40
-87
-22
-10
-45
11
-16
-14
6
4
36
-22
-96
29
-92
76
94
-11
-43
-30
94
57
-65
-99
-70
-48
-97
43
-64
99
-16
-62
-1
44
-82
34
-64
11
-44
-56
67
40
82
3
-30
92
-6
-87
54
21
95
-20
-6
-28
13
-76
-42
-38
35
-6
-22
-97
59
-68
50
22
94
27
-58
-82
-92
-17
21
19
36
63
84
6
3
-33
-35
68
38
-77
18
95
-40
0
31
19
-13
-83
-12
-81
87
21
45
-13
20
-55
-51
-60
21
-85
-28
26
-95
29
-56
-27
79
52
27
91
84
32
3
79
-56
-86
39
-97
-49
23
85
84
-96
-70
-93
-25
-47
-75
23
38
25
91
13
-92
-97
98
-53
35
-89
-87
36
-24
86
36
15
48
25
-72
0
62
85
-85
-55
-23
94
55
-55
30
-88
37
-43
-12
23
-27
-4
73
-68
95
-26
-97
28
-55
-20
27
65
-24
-84
-54
65
-54
62
-36
2
14
-89
-30
28
-6
26
-64
-81
-78
69
68
-89
15
24
91
-51
-11
67
44
-14
-44
98
-57
16
-46
-37
-26
58
40
21
-100
20
93
-52
25
-73
-20
80
55
49
54
47
89
78
38
-19
58
-52
66
53
52
-4
-18
30
-91
2
19
36
-85
17
67
87
54
22
-24
34
-48
-72
87
-27
-34
84
-67
-70
47
80
-84
50
16
-24
73
-33
-88
51
20
63
55
63
-35
6
73
-28
95
-93
-52
36
-58
94
-17
1
57
90
-66
-64
-88
62
-41
7
-12
56
28
91
-91
-97
-93
40
-92
5
-45
74
-14
-27
-10
-14
-20
1
96
66
14
44
-39
84
94
-57
-32
12
87
9
-21
-19
9
83
-20
-9
7
-89
-65
77
-62
61
-97
29
-100
-16
37
-4
-29
33
-58
84
5
49
-54
-28
7
-85
10
66
76
-55
45
-86
18
-63
-31
-69
56
-31
39
-45
-21
-78
0
-31
-43
-49
-8
-52
25
-5
-21
-38
-80
89
-97
-70
89
-38
68
83
44
81
-97
5
-48
-41
5
-54
52
52
23
82
25
82
-76
67
9
47
57
-12
-90
0
45
-55
-38
-99
9
-29
-58
99
-82
-70
-35
94
64
98
45
4
-78
-43
43
-30
-92
-38
0
49
75
42
49
-76
-84
-4
-37
-16
-93
-46
-71
-17
77
46
51
-3
-1
-30
52
-12
-39
97
-45
24
-39
-95
52
6
-29
51
17
-27
64
-67
-26
-11
23
-97
92
-52
55
-60
-25
26
-64
-64
-100
-57
-43
-75
-23
61
-11
-23
20
-75
57
17
47
15
-91
93
-97
1
-18
-41
38
-78
60
88
87
-27
33
47
15
45
-50
35
-13
-57
-73
48
-10
17
-27
50
-14
29
90
-87
84
-74
38
35
-43
-51
-28
63
-7
78
-29
73
65
55
71
-20
-8
86
61
-97
-53
93
7
31
-34
-48
-89
71
69
83
-26
-33
-80
12
-28
-50
-49
12
82
-63
73
66
-70
-73
22
59
22
-28
-34
34
68
66
97
-9
6
-45
77
-93
62
-50
-24
-92
19
-63
19
33
96
36
62
-50
89
33
-57
-71
-62
31
-86
-56
64
63
-77
63
-4
64
14
31
-54
-7
75
-81
42
-83
-44
-62
-80
94
76
-37
-67
28
-76
-75
86
-58
-62
-21
-86
-40
17
-25
62
-37
-23
-8
-2
-23
-91
-93
87
70
31
62
9
-61
72
74
97
56
83
-73
40
61
53
-51
99
91
-84
-17
-56
-53
-74
7
-76
-69
87
12
62
-63
-72
-13
31
79
52
-11
77
-46
-39
-20
94
20
-51
-4
-51
-67
-97
-48
-20
0
5
38
68
-59
-67
-67
27
-22
34
-71
-14
2
68
38
-53
71
-96
67
-21
-55
86
-94
-91
47
-59
5
63
-73
-63
59
96
59
96
83
-41
14
-93
-100
60
87
-3
-59
94
-7
-80
41
-54
63
-43
58
-65
75
57
-75
43
-19
25
-94
-52
-50
-79
-30
-87
6
47
3
-74
37
2
-72
24
-31
71
32
43
63
73
31
