-33
3325
9
-82
91
1
1
-33
94
-23
-75
79
57
-66
-62
-40
-25
0
70
-83
-97
21
52
-1
-82
-55
-35
-34
82
42
18
-53
52
13
-71
-82
-53
-41
-91
-75
-76
-31
-2
1
96
-92
-44
-1
-100
-84
61
54
-64
61
-10
95
21
-12
35
-45
41
-16
61
51
86
-18
-52
-84
1
56
20
10
99
55
35
90
-50
38
-44
-16
-81
-69
19
78
4
20
-26
96
83
68
-98
-42
94
53
69
77
-52
6
-63
25
3
27
66
-44
-36
-43
-77
92
30
9
14
-16
-25
-19
-92
-3
-52
-23
98
-3
26
-36
-68
-33
54
9
-11
56
54
92
97
-54
52
37
-94
-25
-27
-10
-78
26
-80
45
-90
-32
36
-55
46
66
98
-8
-39
-26
-52
58
-62
70
33
90
-9
15
62
-33
21
91
86
-97
-37
-11
33
-40
-9
-3
62
-62
59
-10
-91
-54
-30
86
71
-19
81
86
76
53
-83
-65
-91
-70
-74
-11
90
-75
81
94
-83
9
48
-56
36
17
-70
-9
53
-2
51
23
53
-49
53
-59
72
-85
-30
-5
76
52
-17
26
-29
81
77
-42
-24
70
-38
19
73
-94
34
38
52
-47
-53
98
19
-100
-93
90
91
-86
55
-68
-19
41
-33
-55
54
36
-100
-28
-29
89
-90
25
57
45
-11
-83
8
-98
26
28
50
40
78
37
-94
-30
-59
97
-18
-90
37
-28
21
86
-21
-29
-75
95
-17
91
-1
48
-84
-88
25
-68
34
38
-81
-68
4
38
10
95
-77
-67
51
51
-59
-61
83
-8
33
91
91
-18
-59
-100
6
18
-74
-11
74
-74
39
88
25
31
97
18
-69
54
-100
-89
87
-51
73
80
3
-3
58
-79
91
-76
44
85
47
85
22
-47
54
40
-77
-87
-66
0
7
-1
-92
11
30
-21
71
-38
-88
63
-63
54
6
-57
-14
20
-25
10
-56
9
15
-17
18
-66
58
-17
-18
92
81
45
-15
-7
78
87
-63
29
37
42
-70
-10
-56
-90
-91
-94
-31
-12
11
-75
-22
-93
12
44
62
-38
20
-40
30
10
97
-94
10
66
-59
58
-90
-40
28
47
-93
-53
-28
76
-74
-11
84
-66
-5
59
-21
24
-73
-97
-36
-15
-100
-91
-96
16
77
-67
98
58
-41
14
68
92
75
17
-35
25
93
-26
96
12
60
-3
-23
1
-18
5
-44
-17
68
-9
-7
39
-74
-24
-19
86
4
-48
1
-66
-88
78
69
-34
50
-18
21
75
78
-7
7
-27
51
-35
-41
46
40
-55
-97
85
-23
-30
-3
-33
42
80
34
37
0
33
-17
68
-50
39
72
46
47
33
17
-35
33
-50
-53
27
62
72
-91
-98
-57
22
-92
-76
23
-54
45
3
9
26
19
86
19
-40
-10
64
18
-64
74
6
4
-24
91
-64
-34
-19
62
21
16
-12
69
-35
-41
-91
-88
-50
-35
-20
37
7
50
21
5
-20
-62
56
52
-98
-26
16
-80
-84
-90
-42
74
-57
-16
49
19
-27
-31
55
43
89
-76
-81
60
54
-21
92
-55
35
-9
-7
-25
-75
67
-43
-33
-59
7
-59
53
-64
19
59
32
8
-64
-38
-32
63
84
79
-6
-63
68
87
47
27
-46
-41
-98
-71
41
43
-61
-40
-3
13
-37
63
-25
-84
67
77
15
-55
51
-87
-78
-81
61
42
-58
81
-28
-37
19
-46
-10
-18
43
39
54
-6
-33
50
27
-7
-61
12
56
43
57
-13
48
56
25
87
-75
61
-19
-70
-50
-72
40
-24
-97
91
22
-35
-29
-41
-96
-75
52
-38
-22
-97
34
87
96
64
14
-7
-57
61
-45
32
-51
-67
51
-67
-51
66
-62
-90
0
53
72
94
45
-7
-6
-88
-75
87
-47
-56
-87
16
66
90
36
-79
-46
-17
-63
-81
-46
50
-54
16
-72
40
-35
-2
-71
-42
19
13
51
21
56
-80
20
33
-10
-68
97
-15
-47
-87
38
-35
61
96
-57
-73
57
-89
19
-90
90
-96
54
28
-91
-71
83
68
-64
-15
53
4
34
-67
22
-29
-35
70
-38
66
45
-82
-79
-87
55
-29
-35
57
-67
-13
47
-62
-65
1
-2
50
89
-46
-92
-6
41
-96
-52
-82
-5
-20
18
84
-37
14
58
34
-27
63
-93
2
-19
-75
26
44
-12
19
24
95
-49
41
-62
8
27
-57
33
-5
-1
-25
-34
-15
29
-94
-26
-66
-25
47
55
-99
-21
43
-97
-17
-55
-48
96
34
-63
22
81
-10
-96
-50
-37
-56
-77
-73
48
60
-50
48
88
12
90
-16
-86
-80
-59
-37
-84
-29
82
47
-67
37
-54
-44
29
-56
-99
-75
61
-12
-98
-59
-43
96
52
-64
41
6
63
-67
62
-81
-88
-34
74
-8
-70
34
14
-42
82
51
19
-3
19
56
-29
99
74
40
-96
65
2
49
94
40
95
-70
80
97
-29
-97
0
-62
-50
-64
71
99
-81
-51
95
50
26
-91
-30
34
-18
27
47
-28
6
-28
-92
-17
-9
65
-82
13
-13
-92
6
-64
95
54
-38
70
0
-22
2
31
95
-81
-73
70
-100
83
-35
42
-10
15
8
-30
23
66
-27
15
7
31
48
95
-40
39
-100
-35
-90
27
-57
-79
-52
73
-67
-55
5
-52
-44
14
-66
-56
-45
-33
30
-100
-36
-67
-33
-86
-6
-66
-82
-54
-64
27
-36
12
-19
-21
-10
-61
-55
-16
52
85
-32
23
-87
88
-73
71
83
-35
-21
26
-49
-92
96
-44
73
-29
10
56
-7
61
52
-11
-1
81
-48
-23
69
-34
-92
11
-5
-46
-81
-27
96
-95
37
-9
-65
62
-49
-58
-75
-2
-96
-45
-37
-7
-56
-72
44
94
-97
23
78
52
-76
-60
22
-49
32
39
43
-65
38
55
-4
-11
50
1
76
86
-42
-98
-77
93
-79
40
-78
-42
16
94
97
-86
-37
-21
92
-29
-51
-31
-92
46
-49
-57
81
86
-70
-99
-62
64
-39
32
-81
2
-48
36
38
76
67
-72
67
-25
-34
76
30
-13
40
93
69
-12
-58
-97
96
83
-83
-48
-5
56
34
76
-68
94
26
97
69
1
62
3
81
-2
38
43
50
-63
-2
-10
19
-62
-50
16
87
-10
-43
35
-88
64
-87
63
41
-35
-27
-62
-58
-74
-43
-33
-12
-38
82
57
22
-5
57
-62
-55
-43
-26
39
86
24
-60
-91
39
91
-83
-36
89
-46
38
83
75
-26
-42
73
18
35
-96
7
28
-99
79
69
19
-19
3
58
-40
-1
-73
-50
17
-91
-30
-55
-91
96
91
-72
77
32
-45
4
26
-37
-48
80
94
55
90
-19
80
-98
61
46
68
84
31
-41
44
-58
-15
13
26
-34
-10
-45
-7
68
-79
-76
-87
70
-97
-99
-29
-37
-16
37
17
24
61
-15
-56
41
-85
-46
64
20
-2
-71
-97
26
-18
-75
-48
-67
67
21
55
-84
-61
96
-42
45
-60
23
-71
50
-26
-60
-47
92
-40
-50
-89
28
12
52
-87
60
25
26
20
-15
-6
1
77
-5
-17
-89
28
38
-34
48
-35
-29
79
-78
24
-73
-25
-86
93
48
-51
-24
-70
-30
-76
-37
-82
-18
87
-96
-8
-65
-30
-7
-21
63
86
-57
-88
56
-48
19
-63
88
77
-59
-35
-12
-30
-2
3
61
40
92
-72
-75
-64
75
31
81
34
59
93
19
-36
-40
18
-30
15
68
67
-66
-21
38
67
-3
-50
-24
-9
69
-48
52
93
-47
-89
-3
-39
82
-73
73
-13
18
-76
-89
-44
-62
-56
-69
-59
30
-96
69
-9
43
-31
-19
-50
-39
-81
-70
-88
-64
13
53
38
-58
-11
-63
-27
-74
13
22
75
70
95
96
-15
88
74
92
34
-54
-24
-19
72
97
51
73
-64
-64
67
88
91
65
69
20
-3
-69
-60
88
-65
-50
31
7
-23
-67
-61
-80
3
34
62
-82
71
-19
78
-99
19
-94
-30
98
51
-66
83
43
-77
-36
-83
-70
-51
-24
-58
-11
36
67
-67
71
-72
-93
-64
-75
-50
-100
18
60
-22
88
40
-92
-53
30
19
25
-94
-38
80
-12
-75
77
-64
-29
-93
27
58
-79
33
-13
-56
-77
41
22
94
40
39
-93
-50
2
-44
-32
-48
-26
-73
95
65
38
56
-100
59
36
-63
-91
-95
74
31
-55
-51
17
-15
-4
-2
66
38
-64
16
18
62
-28
74
-20
69
33
18
-64
-35
88
-5
51
-20
88
34
-99
-8
-18
-43
16
-2
93
-32
-21
28
18
-45
86
96
84
-12
-21
34
-56
5
87
35
-41
-74
-33
-85
2
21
29
15
-71
-1
41
-50
-34
24
-74
14
41
-18
86
61
77
-67
-46
54
-34
81
-84
-43
-29
20
-4
36
10
13
-12
41
88
-80
-15
94
-12
11
36
39
54
3
-81
73
-44
29
-27
-65
66
28
47
30
-86
58
-80
61
-30
45
11
-42
62
14
-24
67
7
-32
52
-26
-68
72
38
93
-20
-19
63
98
-3
-55
77
-73
15
-17
-2
67
70
-62
-55
46
-20
-16
36
91
64
57
58
4
-66
-51
68
56
-100
-40
-47
70
-77
-62
56
-98
15
28
89
56
-98
-60
16
-30
-81
60
86
-52
32
-89
4
0
63
21
90
-93
32
42
-73
-41
7
-18
-64
-74
47
-4
87
39
44
43
86
46
-21
-65
12
35
79
38
15
-48
58
-88
67
91
0
15
51
78
-96
-63
-64
-25
-17
-88
12
-34
26
-3
90
39
69
-90
-17
-1
90
92
89
23
96
-85
56
13
99
25
-30
-89
36
27
-81
18
-25
30
7
-62
-14
88
-45
16
-81
0
55
-45
46
-97
-24
70
34
30
-26
62
89
46
-6
-28
34
18
-16
-79
-71
-58
-38
-86
-35
-6
3
-91
52
45
25
71
-95
23
-14
-42
79
38
7
11
36
22
-98
42
-35
4
1
-1
97
32
-11
91
90
-6
-5
73
3
63
-83
-48
26
74
70
-63
-47
33
31
58
92
38
7
76
-75
19
-84
-14
60
-72
-80
-29
-100
-92
85
19
-3
-42
88
-35
86
-9
-40
90
-42
56
28
70
55
-5
-45
64
-68
63
97
75
-87
87
55
39
38
-40
71
-90
-57
2
61
1
-98
85
-20
33
38
-8
72
-45
-46
63
95
-30
43
90
-74
-9
-23
-33
71
-62
-27
-18
14
98
-13
-21
37
-88
-99
-13
-64
-93
67
13
84
-93
-17
-99
43
-94
17
17
-81
73
-86
41
58
38
43
-37
54
-38
-67
17
-30
86
-54
-60
85
-41
97
-100
91
-58
16
-23
-15
7
-15
42
12
69
-29
-29
-65
82
37
35
-16
-65
-67
58
32
45
-27
-13
-59
-90
87
98
10
51
-97
-66
33
-2
-100
18
21
-89
0
48
97
77
96
69
-82
-96
32
-88
-12
-45
22
-17
-67
-82
42
34
38
52
-38
30
5
-27
-20
-34
-78
-15
-42
-58
77
-44
86
-86
-22
29
-91
-19
80
-67
33
9
12
-99
-60
14
92
58
41
-36
61
99
-6
50
-2
-58
-32
78
3
-10
30
-62
90
-75
54
61
-84
43
-51
-99
-60
-36
-10
91
-48
-13
11
-8
38
-75
67
-70
2
64
79
80
55
26
-84
-86
99
51
-70
54
44
66
-71
51
-56
47
-56
15
48
95
78
-7
62
-59
60
-39
53
-31
-51
79
27
-40
32
-26
-4
-30
-35
-39
-34
-56
-80
-93
49
76
-32
30
-93
-29
54
-100
-31
5
42
21
28
0
53
98
-86
-24
-92
30
55
-37
57
-76
-76
81
7
-49
-89
-80
55
23
4
-68
83
75
-77
-26
-99
-22
-65
-39
49
10
-5
10
-31
-3
-23
-27
-72
42
94
42
74
-49
41
15
-24
-96
-4
-15
4
-6
-3
92
82
-32
-74
35
71
56
-2
-50
51
36
54
63
-37
-43
-94
71
-6
-87
-73
90
-69
91
95
70
-83
-37
-22
-41
25
25
40
42
-49
80
-60
-56
79
-11
5
43
10
81
77
11
85
-14
-63
-3
91
82
29
-60
-8
38
86
21
87
11
-47
44
67
3
-30
40
-3
92
-1
-94
-83
-21
-34
89
-82
-75
-23
51
-88
-98
-4
-58
23
-18
40
-81
53
78
-21
-81
-63
72
-38
36
71
61
51
-67
-97
48
-68
70
94
88
98
-65
-58
64
-66
-24
26
-95
-23
72
-83
-68
-52
90
-76
-55
-88
61
19
33
-26
24
26
-30
-45
-21
6
-52
36
-11
-41
-98
87
-13
-88
-63
5
-63
87
-72
26
-56
-31
86
-32
-52
30
-7
-32
82
-53
23
-89
41
74
11
-96
86
64
24
9
36
-51
-59
-68
-45
45
-62
-35
-23
98
71
-75
41
97
81
-10
-84
-20
-9
3
-51
-68
85
-16
86
-71
-46
-23
47
19
71
-94
-76
22
4
30
-10
-79
-89
59
40
-2
73
-42
-90
-8
63
73
87
-78
-92
-88
29
-95
98
-12
97
83
76
86
97
-92
58
24
61
-49
-93
32
-91
43
-48
65
-36
25
35
17
39
-70
66
64
-74
40
50
-41
4
69
-67
47
-99
17
-97
0
-11
-49
54
-36
94
99
-27
-97
68
-60
98
27
81
-97
-47
80
80
-24
27
-56
71
75
11
15
52
-62
-13
83
33
47
-59
67
42
80
-2
93
-39
52
73
-20
-74
-61
-64
-18
-31
62
36
55
-60
79
-85
-76
-75
90
67
-99
-19
61
-12
-13
45
9
2
-56
31
52
73
-16
-14
-78
-100
-95
-85
9
-36
-71
-18
-100
1
-47
-5
-44
81
-61
-9
48
-74
-24
-23
13
13
83
93
-12
-41
16
-91
45
5
-94
64
-12
62
-94
-13
-22
-73
-6
-15
-59
26
-86
-62
16
-78
24
5
-63
-70
-31
12
83
-65
-74
-3
5
24
31
23
-58
-26
-13
-78
-43
-29
-89
-63
66
72
60
75
57
94
-32
-50
3
-93
46
28
22
81
27
-64
57
-14
92
4
61
78
0
-66
-64
-33
22
-1
-43
-95
-79
17
-89
-75
63
-58
-78
64
-22
6
-25
62
-14
-2
-24
93
87
8
93
-8
18
-67
-18
-21
-77
2
-79
-25
-81
72
-13
72
29
91
-65
-64
-91
-43
88
-97
-64
-32
71
9
1
76
-12
86
-18
-64
-32
-29
86
-7
-86
-74
44
87
-71
-15
-54
-37
-70
93
-89
51
-47
-19
47
-45
-22
90
-22
61
-56
77
81
-82
-15
-13
-73
-39
17
-49
-63
12
-91
-38
16
-74
66
-58
-90
21
-89
41
51
-42
-52
-94
35
-38
95
41
66
-6
-48
22
71
69
69
74
-88
36
-72
86
-7
34
-7
-13
-19
95
80
32
11
67
56
-38
-3
-22
47
7
-32
-62
38
59
18
-77
97
0
34
97
-30
31
52
-38
34
-91
5
68
-76
-3
93
29
-80
37
98
90
17
75
-68
-77
-91
82
27
-71
-8
-59
10
75
-61
20
-77
-66
36
-91
35
-52
-59
90
-97
44
96
97
36
-61
-41
42
-75
-19
-3
91
38
6
-35
-27
-25
75
49
-40
18
4
63
-66
56
71
17
27
9
76
-51
-76
87
-65
22
-98
17
28
71
-23
-99
45
-12
-46
17
65
91
72
52
-3
26
-49
-10
-56
70
64
15
81
-91
38
-49
56
-86
44
-83
86
-84
-27
-90
-39
-15
-92
71
-77
-99
28
-15
-64
-7
-60
76
-83
-35
36
57
71
90
21
-47
-73
67
33
41
81
42
6
1
-74
49
91
97
-41
-63
54
-41
-76
70
49
57
63
-57
48
-95
-35
-81
-98
-5
58
26
81
59
32
39
-12
33
-76
-44
-93
3
-41
73
60
74
-66
12
5
-10
19
55
6
57
51
-64
-98
46
-77
48
-26
-40
90
84
52
-30
-54
1
57
14
-31
75
-50
63
-13
86
53
-50
66
6
88
89
-73
-73
-38
-54
-73
71
8
99
56
91
-98
11
-35
-19
-77
-19
89
50
-60
33
28
91
-34
12
-4
3
94
-2
-4
-76
-10
-45
24
48
-87
-62
-71
41
82
63
-48
-74
-18
-38
-50
72
-22
-70
-23
-41
99
-29
-58
-91
-5
-62
-34
67
96
-81
-29
-42
-50
21
-50
91
59
-81
93
91
-73
-15
46
-54
92
72
-33
-32
53
-30
22
18
-46
-95
29
-41
69
-24
98
91
96
92
88
0
68
12
93
72
4
89
-71
-55
-16
-71
-18
99
-91
29
-64
41
-18
-83
2
44
31
12
81
85
-74
-39
54
-28
-12
-80
61
-28
71
-96
-68
-24
70
43
-37
-51
-100
33
75
97
77
78
-16
-65
86
16
99
-74
-3
82
47
-57
-57
33
90
67
74
0
36
-59
-85
88
61
-94
-54
84
98
71
26
-52
69
32
-27
-63
-54
75
29
-63
33
65
22
-7
-95
-3
35
-99
55
-70
-13
87
75
-54
-13
-17
-63
-59
4
57
-39
52
-77
-60
25
-39
-30
-51
93
-68
70
-48
-38
-21
-49
-65
12
-20
79
-18
2
-59
-34
-17
-11
66
-43
-56
-71
9
-75
-78
-30
-85
-88
-85
99
5
45
1
11
59
-99
89
17
-60
10
-32
15
-12
95
63
43
10
-37
84
-33
97
-84
55
9
36
-44
-87
35
42
-24
-89
-51
46
-27
47
-35
-15
67
-84
-69
61
69
-13
22
-60
-64
27
-81
-42
6
-73
-63
52
-21
-23
-54
-42
-10
-92
-13
-84
47
21
-89
-49
-50
-36
12
-23
96
66
-93
38
-84
-55
-93
97
-49
95
2
19
