59
380
-97
1
74
-74
-85
-38
93
-8
-3
-15
31
89
85
-9
70
59
96
-64
74
-26
-67
-65
-13
-32
31
-82
-30
27
34
-70
84
5
84
65
-89
-29
40
-31
-16
38
-85
-44
98
-72
-62
-29
54
29
-60
3
6
-12
31
-9
-76
66
-68
-17
71
-26
72
99
-50
-81
-98
-70
28
-9
52
-21
78
-27
-68
71
-53
-98
0
-79
31
98
-98
-12
22
89
-9
1
-89
-75
17
-31
42
97
88
59
-21
15
63
58
-53
-54
-55
-98
-61
15
-19
32
-49
-28
66
-47
99
-50
51
5
62
24
-66
85
-13
-42
-80
6
-33
-38
-6
-69
-11
92
-86
60
73
44
36
-52
9
27
87
45
-49
-78
-25
34
-2
86
49
-22
86
-42
18
94
-62
32
-45
95
-93
11
97
-14
-41
6
31
-99
-44
79
36
-56
5
-13
35
10
-75
-84
78
46
20
49
0
36
84
20
70
82
-48
46
98
72
81
-13
-89
-67
62
-61
-88
48
92
-35
35
-36
-6
-93
11
61
75
-94
-62
-29
-43
-51
-19
10
25
-3
14
38
89
20
-96
-33
29
53
10
88
-78
99
-56
30
-47
-67
-53
-33
-28
-82
0
-24
-22
-85
-13
-91
-29
-74
9
36
-77
-83
61
-79
-59
-99
-48
-55
61
-39
-14
-6
81
-5
-50
53
-99
-70
-79
-35
60
62
-62
-55
-16
38
-77
31
17
-39
-48
-91
-95
-90
97
-81
78
35
15
-43
-8
22
5
61
-64
45
78
-70
34
-42
15
50
76
-34
-30
-63
-30
78
-1
12
-92
-80
-65
7
-43
-8
-16
79
67
30
14
4
26
-6
94
-88
42
-43
14
62
89
32
78
14
29
-14
-8
33
-70
47
-94
74
93
-24
-6
94
-31
22
85
-88
-22
25
-8
90
-32
61
66
-75
86
-46
-69
37
-26
5
-7
-73
2
-14
-5
22
6
-99
-2
-49
-45
-46
65
90
63
39
0
-56
3
-50
83
-23
3
35
10
