-23
6786
-92
78
-46
-27
-18
-33
-6
-92
-93
-26
85
-28
-3
-3
-8
57
-43
-45
-16
-18
67
-73
88
-77
62
51
-13
29
-44
32
48
8
1
45
-89
68
-73
49
-20
-90
-87
93
-14
2
39
99
-95
3
-81
29
-86
-66
89
-56
65
-23
11
85
-80
8
94
-33
67
92
86
65
86
-47
38
-51
9
-71
0
84
94
99
55
39
-42
97
-88
74
-7
13
-43
15
-54
-100
-9
16
-98
76
14
-62
35
43
-1
75
70
-71
52
19
55
44
-59
26
11
67
8
-50
39
15
66
7
10
-46
75
-1
28
-1
15
18
-5
43
-79
0
34
81
56
29
46
-42
-49
-61
-67
17
12
58
18
57
-67
13
26
3
20
64
-58
23
54
92
54
-32
17
53
-89
48
-91
-49
-3
85
-11
-86
12
2
-80
-51
-73
81
-36
93
-87
-85
-2
-49
94
-97
43
17
74
-31
73
-28
81
-46
-89
47
13
-69
-70
-42
-57
81
-33
49
27
-32
33
-81
13
-71
11
-79
-56
7
-93
88
55
-85
22
-20
-33
24
97
52
69
41
-34
38
-1
96
55
19
25
98
-71
59
-4
-77
-99
86
13
-18
-72
-63
-9
97
76
-48
50
69
-55
62
65
86
5
34
8
-49
-83
97
8
-73
35
53
-43
-79
-82
96
55
-60
-43
19
-6
-37
54
19
-47
-1
40
-65
-50
-100
40
26
75
13
78
5
-6
6
-85
98
-2
-19
-33
-71
9
-54
20
15
96
-16
-84
-92
24
-27
6
-63
-50
18
-2
49
81
86
57
98
74
67
-18
-80
-62
-74
-57
-77
-42
-21
74
-56
81
75
-74
47
8
-51
-59
-53
73
81
48
-45
-93
-39
-93
-25
-55
95
-70
-88
16
51
6
-25
-54
-99
-43
40
-70
10
6
83
-35
-94
67
-20
78
-57
-83
-19
33
52
-44
37
-88
-46
60
-65
-5
-63
-21
66
99
-48
-86
20
-16
95
-9
76
56
10
59
-44
27
-45
37
-61
49
94
-28
53
12
-69
-42
57
-100
-100
27
-81
-42
-99
19
-49
-75
44
-22
-72
-55
49
-10
31
-4
-38
-21
-66
6
11
-90
64
63
-25
-1
52
-88
-82
-74
-20
-82
27
-31
-5
1
-30
61
80
53
0
-32
-73
-33
28
-95
15
-26
56
33
84
-49
-41
34
17
-98
-11
-94
53
30
-69
56
62
95
-52
-52
58
16
-97
14
-9
-17
76
-7
-88
-89
65
-6
86
-17
21
69
-87
53
-74
50
-85
95
-14
74
-39
68
-61
-70
-2
-13
58
96
-23
-66
-88
38
-69
60
95
-39
30
-57
-94
-96
-94
-24
12
-67
-77
4
6
-45
79
29
-31
-80
51
-48
-69
-42
-83
-93
-55
55
37
-33
-43
21
2
-8
71
74
-57
77
-94
-91
-99
66
-79
-97
92
37
24
-25
51
44
-80
9
94
-2
94
87
-24
75
81
53
57
-14
-63
49
-50
44
-18
-57
79
-89
-57
86
-5
38
56
12
39
80
51
-15
3
18
-5
-31
98
9
18
-93
-99
-81
93
-45
-85
31
75
-61
-73
4
55
53
-52
61
-3
38
-43
78
-39
-74
-40
-37
67
-54
-76
-40
76
86
59
-38
59
-96
82
-64
-14
-20
-94
72
-28
-47
77
40
98
-95
58
6
45
13
55
-87
23
33
95
26
56
19
-4
1
-2
80
90
30
-29
-42
-72
-40
-36
-81
31
16
12
88
-30
-90
77
18
50
-95
-82
-68
-31
26
-44
1
68
38
54
1
-98
-58
-65
-8
-92
-85
-28
-47
79
-42
96
72
60
-60
30
3
19
-11
-43
16
-96
26
-36
-51
5
-2
-44
12
-65
-2
-13
90
-23
-24
35
-48
-73
39
39
-37
55
-77
36
-28
-47
96
98
-51
5
42
-76
19
-24
44
-74
-41
-62
17
63
7
-38
99
17
84
47
-100
-37
-28
92
-73
-23
82
20
83
17
-19
-56
89
-78
25
71
-48
49
68
-7
-56
22
-37
1
-44
-21
-1
21
-76
-49
96
42
41
-98
-42
53
46
96
-80
-44
82
43
-21
-74
85
25
1
-73
-85
83
-62
-48
96
61
71
-81
35
37
43
98
-31
26
-13
-92
-74
94
-52
-86
60
-91
4
45
7
42
7
51
-29
51
-29
40
39
59
22
-64
-21
25
-82
66
84
-45
-66
69
-68
60
84
2
-86
35
88
4
-61
-87
74
86
-34
97
43
88
96
-33
6
53
-96
99
30
86
-69
33
-71
54
19
71
34
76
-61
27
52
-71
-49
-40
72
-43
-42
-84
-13
-48
48
-25
74
-42
-54
85
-65
30
31
14
-53
-31
-78
-9
99
70
-47
-19
2
-94
-36
-20
30
-49
37
-98
-87
78
-64
-28
68
46
29
80
93
-17
-87
80
45
45
40
-29
-83
96
-2
86
-88
54
-39
-22
-90
61
-58
-31
42
-10
78
-16
90
45
-86
85
-42
46
74
1
-88
57
-56
-84
-97
18
98
47
62
40
-35
10
-82
-91
-26
-69
30
-32
-16
-81
4
-50
-61
94
11
-17
-19
28
-87
-26
-12
11
-13
72
29
22
-54
33
-7
-1
84
59
-85
-17
52
46
-31
-95
94
27
-56
-24
51
89
3
38
64
25
-58
-47
-47
-23
79
66
-17
42
-12
31
88
16
-93
-37
-72
-2
50
-98
14
-26
11
-14
-39
-77
96
-18
8
-43
-70
74
33
-76
-2
44
-43
53
-17
88
-97
-53
87
-25
-93
10
-18
-49
-9
13
96
-84
92
70
92
-96
72
78
68
-44
-63
88
30
-50
-50
-65
-20
45
-6
87
-15
-49
-57
31
96
56
-54
-67
-92
-68
-96
26
72
47
34
77
-53
61
22
27
73
-97
26
-53
-37
-5
63
-15
60
43
45
-18
-2
59
-52
70
-2
50
-29
-20
-48
-97
55
69
-12
-81
-41
-2
28
-91
-61
68
63
-90
0
13
-61
-93
73
-31
-98
55
26
-52
-29
59
51
35
-50
-47
36
39
90
65
-22
89
-29
80
59
18
-51
-65
-11
16
-16
-75
63
-68
11
18
23
-89
-29
-75
21
-34
-13
-6
22
28
-98
-53
-98
36
1
-41
-97
75
-28
-20
32
69
40
-94
-100
-100
-65
-6
-69
47
-73
-34
-36
41
32
-70
99
-57
20
-81
-75
73
-43
-52
91
81
-76
-15
-63
-36
-10
-81
-96
44
63
98
0
81
-22
62
-98
-73
-82
88
33
2
17
63
-24
-39
-24
-21
40
-89
-18
91
-86
-21
-6
-33
-82
-48
-49
34
-84
9
-79
-35
76
-91
-41
91
58
12
-89
-78
-89
71
5
-38
-12
-98
-60
-98
-31
86
-61
33
-83
38
33
-98
-10
-65
55
-29
-27
-99
-22
-92
-86
-82
-53
-76
-7
-33
-37
78
32
-36
-71
-75
1
9
49
31
-74
-53
-2
-8
73
9
46
53
-80
51
69
-46
-62
53
-3
79
-58
-79
91
-60
41
-59
91
77
81
14
-51
53
-65
-1
20
-95
92
24
-61
-29
-41
32
-51
39
-48
23
-31
14
-82
36
-37
17
72
-55
38
34
4
-54
10
-12
29
32
68
2
74
96
93
69
-82
-82
-93
-97
-80
-54
-68
-60
27
28
-46
16
24
8
34
-96
19
-77
-65
-72
-83
24
94
-24
-61
-27
17
-27
63
-47
59
47
-7
31
25
14
-12
0
-69
11
96
64
-55
63
59
-85
55
58
-88
64
-13
-1
94
68
96
12
60
37
52
82
44
95
44
4
1
-87
41
25
-13
-87
-28
90
-84
-42
84
18
38
78
56
71
26
68
-27
81
-4
39
65
32
60
17
-97
-66
66
77
-67
48
63
2
62
-29
23
41
-63
82
-83
83
28
-51
87
64
-59
-38
15
67
-68
32
99
41
14
-8
-23
-17
58
-74
63
-70
36
-94
50
62
25
-47
82
44
86
30
-27
45
54
-69
60
-96
-35
-95
-28
60
-7
30
56
-95
65
-12
89
-6
-62
-28
44
-85
54
-94
-95
-12
-63
28
-30
-31
60
14
37
-8
22
21
26
-9
-33
91
39
33
56
78
-70
33
-62
-66
-17
-16
48
-45
-81
-20
37
-74
-71
-6
-20
42
98
36
21
-12
95
-3
83
-100
87
46
-90
33
-78
-58
35
-44
3
-97
-16
-42
-37
42
-57
40
-86
-58
-74
-50
-28
70
-23
-57
-53
52
86
-56
71
40
97
1
1
2
54
88
29
37
53
64
-10
-92
82
2
-28
-81
-99
73
96
-58
-60
20
-78
72
48
59
3
-82
59
-43
-41
97
-88
-99
43
71
-52
92
-68
36
-3
-88
-5
32
20
-46
6
-78
83
91
75
46
-55
5
-74
33
-50
91
-96
16
3
9
-76
29
-94
-77
33
-15
-73
96
-21
26
42
-94
-14
-34
-64
-59
63
21
59
1
21
27
-71
-49
-49
-84
-1
61
9
75
-62
8
0
27
12
-70
0
-70
3
-4
-22
-31
-10
-13
67
-82
-36
-55
98
66
41
-61
73
-36
-36
37
-6
59
27
3
16
68
57
-12
62
-26
-79
58
-22
40
79
-45
46
55
68
-23
-50
86
89
-58
-23
-31
-18
78
-80
33
-10
-73
7
67
88
72
71
78
99
97
23
56
-95
42
-15
-69
-58
32
11
10
-71
88
51
-97
-60
59
63
90
-27
31
-86
8
-65
4
-61
-25
-10
-100
50
53
94
79
-25
30
2
-37
66
96
8
57
-65
71
-52
-39
4
-20
15
78
75
-9
56
-26
58
-6
-31
-5
-55
-92
31
-74
-3
74
-22
77
-61
79
88
22
70
-66
-93
88
33
-47
-95
-87
4
32
-33
-36
-72
85
-48
20
-71
-78
71
-91
71
-39
-26
-59
-42
-88
-56
-96
-65
68
-67
-39
16
-16
-27
-15
63
-60
87
-18
39
41
26
60
-62
-49
-40
50
95
-56
72
27
1
45
-97
19
-10
-16
96
-64
-84
-82
7
46
-100
-83
16
42
62
-98
36
69
-44
-52
-26
-69
34
-64
-73
-72
-41
90
41
44
-23
39
-47
-40
-25
21
95
-34
-22
-99
-41
-77
-76
-72
-13
47
90
-50
89
54
24
66
-40
-79
-28
37
-20
-58
92
-12
22
25
58
71
-75
64
-8
-77
26
78
66
-40
66
-96
-75
18
-86
81
-21
25
28
-76
69
-11
6
-45
-4
-67
82
86
33
-6
-84
-8
74
56
-53
53
-94
-94
22
-36
15
-23
-15
45
-41
-99
-44
98
57
75
27
-15
1
-21
88
59
-51
-48
96
82
-83
98
-98
93
19
89
93
-44
-15
-64
-54
87
0
-10
45
-77
-38
24
51
-71
40
73
84
-77
-76
-42
-53
-75
-92
32
-11
37
87
75
-94
61
38
83
-17
-48
-59
-62
31
-70
-57
84
14
80
-24
9
-45
5
35
-92
-30
-15
28
18
-99
46
99
12
22
15
28
-18
-3
-3
-22
65
-24
-20
-49
-96
11
78
62
36
76
-57
-8
53
51
3
10
-35
-62
-75
-21
24
52
20
89
51
36
-94
83
-55
3
52
45
-8
-58
-53
-72
92
-32
-65
-68
72
-5
38
-30
-83
-60
15
-32
-69
-91
-58
-45
26
3
62
38
-47
-83
-90
-12
-40
61
89
-78
-4
46
-37
40
-60
-84
30
70
56
72
-22
-15
-47
83
24
16
98
43
85
-92
24
-64
-89
36
92
-59
-83
97
-2
40
-24
41
16
45
-85
-82
-3
50
15
-21
-9
4
-51
-95
-43
-37
44
43
-9
-21
-74
98
77
0
29
47
-66
25
97
6
-81
-90
4
15
-74
-84
-89
-72
95
81
-79
-63
-33
-81
-38
-76
-83
73
91
77
39
43
-36
8
-49
-97
-80
29
-87
53
2
81
-25
82
41
22
-89
48
-46
3
-23
-43
22
92
72
-18
66
73
-13
-98
-4
-21
-73
-4
-85
-38
-6
-42
68
94
27
-55
69
-35
-10
75
-77
47
-58
65
93
-8
70
88
30
-52
3
29
60
-78
-23
16
-9
47
85
-6
-93
41
62
-40
-72
-41
-9
-61
-98
11
-14
99
-81
-83
-4
-65
72
-24
-28
-89
-16
-45
25
-66
99
-52
7
66
-88
-14
-49
76
-1
59
70
4
-40
-65
-88
22
35
-97
21
-30
35
-81
-90
60
18
11
45
14
56
39
9
-51
-70
-40
-60
-50
-10
-95
-96
-86
29
58
-1
-69
-17
-22
-83
-2
-44
75
91
-12
9
-15
-99
-32
73
-90
50
15
10
-79
61
-32
5
86
-26
62
-78
92
84
34
-95
-78
43
20
20
68
-6
29
-1
-55
46
-60
0
69
-21
27
51
-66
5
-12
-67
64
26
36
32
-36
-83
92
-77
90
-38
59
-67
-51
3
19
-46
73
-92
-83
3
81
75
22
61
-99
-6
21
-10
98
13
-46
1
48
75
-9
36
59
-55
23
9
4
-29
-58
-31
58
-73
56
4
-49
-76
-11
-62
-89
-54
-10
51
83
97
34
-78
-68
-4
52
-30
-81
98
-30
71
42
73
81
-87
-86
-35
24
72
5
-42
-37
-90
-59
-77
92
84
-54
90
94
-1
50
35
32
-18
93
-100
-48
59
7
-1
44
-48
-77
63
32
-14
-31
-7
22
2
81
20
22
14
-84
1
-86
-33
-21
-28
-52
85
-79
81
-14
65
77
-12
67
11
17
-85
-34
-51
-90
-31
21
-82
95
10
60
-40
-51
-51
87
76
4
86
89
-61
93
-85
81
-93
86
79
2
-30
-73
-5
-74
-5
-95
32
22
-2
28
39
12
46
59
95
-55
20
-35
-23
1
83
52
96
95
58
45
-84
-57
27
-49
48
-98
-38
77
5
-40
-15
33
-18
95
25
34
47
18
-2
-67
-72
-99
20
26
-30
-82
62
-25
-44
-94
-17
-75
56
-4
67
-71
-51
-52
-43
-72
-58
-25
-31
97
50
-79
-95
-26
27
-12
15
68
-74
-57
56
-10
-34
60
-46
18
1
-49
-57
4
-67
-2
86
43
-21
-55
-95
58
-43
-90
41
65
45
-52
58
-7
-4
60
-71
53
39
94
64
92
-50
-14
23
47
84
-11
-59
24
-31
49
-22
71
92
-80
68
-22
46
-57
0
55
33
17
85
-85
-36
-59
-32
62
12
32
-15
-6
-62
-26
79
-11
85
56
84
-83
-43
2
-44
-13
45
-95
60
28
-67
-50
43
-50
-53
56
-7
-48
-95
-26
95
-58
11
46
-75
93
-90
31
58
-10
28
-15
-48
34
-15
-68
-24
-57
-31
-52
-35
85
-13
-18
-14
26
0
-22
-45
-97
-17
-97
-20
-100
-57
-89
-69
86
-53
-31
-6
92
5
-71
-16
-12
-91
-84
-89
31
33
-78
-44
65
49
39
83
-35
-66
65
-14
-3
-18
-71
55
-24
-3
-75
-37
-14
-51
-83
59
-84
64
-87
-3
-99
-37
-90
99
-33
0
99
-27
84
-57
-97
6
76
3
23
-35
59
9
40
66
59
65
23
-90
-28
6
-17
-15
-67
98
24
-93
20
53
91
-80
62
-19
17
92
-93
-6
78
-40
-83
-100
-14
-54
26
-49
48
57
-94
-36
60
-35
41
89
-14
-14
66
-48
-36
-71
52
-40
-89
22
-33
-97
4
50
39
-58
85
73
-18
67
-73
30
-56
-85
49
-29
53
92
-17
-38
-21
-95
-68
-12
55
-94
-81
65
99
41
-14
-49
87
4
-16
99
47
-45
8
9
-39
53
-5
13
39
-70
-29
-97
-10
-76
-66
6
-41
21
70
-34
-61
-75
73
-51
-16
61
-46
78
96
74
32
-19
-68
-65
41
-69
58
0
36
-51
-22
46
-92
-51
24
48
-61
-19
-82
2
65
93
17
-8
-32
71
54
-71
73
-23
-6
-89
76
61
53
-29
-97
-86
-81
-89
-11
57
31
-81
-27
61
-37
-93
-29
42
-96
11
-88
86
32
23
-73
46
-59
-88
-51
71
-38
45
77
33
-47
-96
40
89
-33
-46
-90
0
-70
-50
5
96
-86
37
-26
95
-16
47
-35
-12
-36
-12
-37
36
-74
-65
66
66
-9
-35
7
36
86
-91
18
40
42
45
91
11
-29
26
97
-53
6
-71
6
-94
13
34
20
-82
22
4
-63
45
91
6
-33
-15
-65
-71
11
90
29
51
-59
83
0
-83
49
64
-87
39
95
-37
51
-65
-91
-44
82
-74
-1
41
33
-96
12
-13
-83
-8
-46
38
98
-30
28
-44
28
-60
65
6
-35
19
-7
-56
34
45
-55
-51
59
92
-19
16
-86
17
-66
96
-78
44
47
-27
-55
-57
49
-8
84
52
36
95
63
44
-17
96
67
-46
62
-22
51
-52
-77
-75
77
10
63
58
88
47
70
75
-26
-97
12
45
55
78
-12
83
-97
-29
88
-14
71
-24
61
-6
-67
-9
67
69
-55
-43
-73
95
-3
88
-21
67
72
-10
-6
58
96
94
17
-38
-88
5
-14
71
9
12
76
68
-94
-41
45
55
-74
60
-7
-41
-22
78
13
-20
25
34
-76
47
-74
-98
86
80
20
19
-10
62
90
50
8
34
-85
38
-90
-55
-70
0
-50
81
-41
-56
24
-61
97
8
68
31
-63
64
-52
69
-52
69
-89
43
-91
50
85
79
11
-16
-46
79
23
-29
-60
71
-6
45
2
66
68
-2
39
-45
-50
3
-62
52
-91
78
-58
-69
-1
83
18
-61
60
19
-66
-64
-40
-78
72
-12
7
-36
-91
-49
-30
80
29
91
31
-98
5
-90
-87
29
-1
47
-3
-41
58
-72
25
72
24
34
-50
-71
28
12
-20
-39
-25
-11
-21
-87
35
-25
-13
-5
-32
90
-17
97
-57
-10
7
93
99
-98
34
-57
-53
-69
3
-32
84
13
-57
-10
-64
27
-29
54
96
-38
3
98
20
93
-38
-77
48
-68
-42
-19
28
99
-16
97
47
-85
72
-69
30
-69
-33
-40
2
18
63
-6
54
-75
-81
18
25
-62
18
13
-17
12
-16
90
68
-58
63
31
11
70
-12
56
6
96
-54
4
-85
17
29
-6
60
21
-50
64
78
40
-64
41
-69
-9
-1
75
-40
12
65
-49
12
76
31
29
-53
-82
-89
-34
83
81
-39
47
21
57
-100
-44
-76
72
76
22
-2
-88
81
97
48
-17
97
-75
-65
12
87
47
40
89
-72
64
-72
33
-74
-38
82
-31
16
16
85
55
89
10
-11
29
-66
11
94
-78
-71
32
62
-50
-45
35
59
-23
63
18
-100
-71
-11
22
-89
27
-57
-66
81
-96
90
-20
-51
-64
-57
84
-4
64
-1
73
92
4
-11
-16
-13
49
-13
-1
-40
34
50
-85
32
-66
-71
-64
7
-82
17
93
27
42
-9
-8
43
-66
-24
7
96
-5
8
-53
76
-57
70
42
73
-92
29
-52
-55
13
20
-46
-34
-88
-45
99
55
-56
-2
-84
95
-83
46
-77
-69
15
-5
-100
-94
25
49
22
-73
58
-37
46
-46
-75
64
-2
5
-53
30
-57
44
96
-7
-46
-70
21
-31
-82
-91
90
-20
-45
4
-16
-4
26
35
-88
-76
83
-10
26
-96
-51
-33
-12
-3
-32
-63
15
32
60
15
-7
38
-22
67
-64
-43
-42
48
30
-61
94
-68
-35
75
88
-19
-72
-44
47
-1
-43
-57
91
-39
94
89
-88
-3
58
32
-16
-86
74
6
-85
-36
3
-93
-95
9
-71
-89
19
-24
-7
-98
94
48
-44
-39
59
69
-68
-36
83
55
40
-53
-72
-57
-7
43
-38
69
-30
90
31
-52
-8
-80
81
-14
26
88
30
8
-53
52
-44
-27
-87
89
-33
-78
80
-5
13
-22
34
-84
61
-63
92
-3
-15
-11
60
61
97
-76
-7
64
79
68
23
-96
-59
-49
-17
-84
12
-73
95
46
-19
-70
-53
-100
-89
95
82
-28
47
18
22
47
-1
73
3
-21
-12
65
42
32
26
3
33
70
-10
-66
-94
51
-23
3
-1
-98
26
-54
-42
-75
35
32
-38
-76
3
-46
56
54
-100
2
86
1
26
51
-9
71
98
-77
-40
97
26
19
-60
-17
-58
-57
27
19
-40
30
-19
-46
-80
-90
-10
-46
-47
76
62
58
-17
-59
32
-21
-97
-11
-6
-64
14
-66
95
57
-77
83
66
1
-53
41
-33
9
-96
-11
-42
96
-50
-4
96
-56
-43
-70
-78
62
-29
80
-18
-11
-74
-29
99
-59
79
-15
-22
-33
-57
12
-24
-36
72
44
57
66
-51
-42
-50
-71
22
46
22
-4
89
-98
94
28
3
76
-97
-7
52
17
-99
73
-63
47
4
-33
47
68
15
-45
-46
83
33
-72
58
-44
-92
-59
-28
-47
-64
94
78
53
8
12
-72
-93
-30
3
67
56
-56
-29
30
14
75
11
-55
-1
-52
89
-55
91
-53
-6
-9
98
-82
-39
-5
-14
-67
23
32
-72
-82
-64
12
-80
-82
-19
-16
42
-31
82
-34
71
35
-63
-22
-3
31
84
-16
-94
-96
26
89
72
-16
58
14
44
41
-38
15
30
40
5
3
8
16
-2
-89
64
98
43
91
5
-21
32
2
-60
71
19
-27
-15
-53
48
96
99
59
-41
-56
-10
23
10
65
-65
67
5
-82
7
30
1
86
-79
-48
-61
-8
-18
11
-5
-63
-62
30
88
-16
28
-78
6
-100
-79
-78
-64
-19
81
-1
87
-94
16
-38
-8
66
87
94
-57
-39
30
-55
-60
98
26
63
79
-91
51
16
-71
88
-55
22
69
-7
32
16
7
8
-25
48
-74
-16
-10
-89
6
-73
49
2
59
-100
89
-37
48
-36
5
-21
-48
-55
20
-68
12
7
20
16
-43
-14
18
62
-95
-75
80
-35
-58
61
55
61
-93
69
99
-48
99
-60
56
72
8
-97
40
20
9
97
-86
-11
83
-46
86
-21
94
25
4
-63
-94
-10
80
-34
92
48
99
55
14
-78
79
51
49
-100
-78
-84
37
-32
-17
-94
27
-30
43
52
-69
-62
-37
7
-73
-69
-9
31
11
24
25
-39
68
-89
67
77
-41
22
-18
84
-14
-75
-8
-29
48
-14
-74
35
-20
22
99
50
26
56
22
-59
-78
29
-10
-56
82
-30
-17
93
2
20
-19
82
-18
47
-21
-4
23
86
80
-64
-3
-90
38
-62
-66
35
19
-20
17
41
-3
-70
-25
-14
28
-57
-83
-2
95
-47
-21
47
18
54
17
-41
-2
-77
-4
19
-88
-47
4
35
89
66
-22
-57
-33
13
-42
-7
-12
60
-8
14
-3
54
-36
0
62
-47
-10
-40
-76
-81
54
-99
66
54
77
-59
14
-21
12
93
80
99
-11
4
-93
28
31
76
76
-1
33
-97
-72
-47
-39
38
89
-17
-9
78
49
-82
-20
-39
-21
-59
61
94
30
41
83
-42
80
31
-12
16
19
-79
82
35
-84
83
-88
58
52
42
5
-45
-9
-7
73
63
72
51
41
18
47
-10
-97
40
-14
76
-71
-66
35
10
6
94
-13
-83
-78
-92
79
-39
-53
-22
89
12
23
-16
-92
-55
79
-24
8
-99
-37
-27
9
40
-30
-26
12
-60
20
-23
91
42
-24
74
-58
-14
4
27
42
-46
-98
-47
33
14
66
77
56
56
21
-64
26
-64
47
2
23
28
-98
26
-51
-21
63
86
-33
93
8
57
34
-27
-29
-98
32
-60
57
-47
-50
-82
2
-13
-43
-37
64
-63
-74
-24
-19
-76
49
9
41
58
-63
-21
-76
46
-35
90
-31
-51
5
80
-90
50
78
82
37
-27
77
42
84
13
-100
-44
16
4
-75
52
17
-62
6
-96
6
39
36
92
67
79
66
88
1
-1
-63
19
-91
34
-9
43
31
73
63
4
77
98
98
91
67
-100
-51
79
-83
50
-69
-63
-61
-29
-53
-71
38
-65
-24
49
-19
-49
-83
2
65
-38
-22
-19
-80
-35
61
-6
48
59
-8
-63
-51
-7
45
9
-21
84
34
-51
91
-29
-49
-76
37
0
-40
84
19
-14
14
-62
62
-67
57
-42
-34
80
24
98
-61
-52
-10
16
-82
-96
-82
-66
-81
-6
36
-76
95
16
-60
-33
-74
-52
-97
25
94
-56
-90
-37
-7
-3
-64
21
72
1
-44
-77
96
-28
-65
60
61
-23
-47
68
23
48
25
-61
23
1
72
36
-21
98
-81
-11
-32
62
11
-98
-71
89
73
32
-37
7
97
80
-26
-41
-85
-47
-31
-5
-19
94
60
38
-55
-34
-72
67
-52
24
59
92
-57
-15
0
81
-30
68
-69
33
-1
-59
-71
58
-4
-93
7
-82
-53
82
-62
54
98
88
-100
39
22
98
19
-8
89
-21
36
2
82
-71
-38
25
29
-92
-79
21
75
-10
-22
-62
46
-82
-34
-63
93
10
7
-60
60
26
0
99
45
75
97
34
-71
-37
-28
86
-26
-88
97
7
73
-5
-50
-82
55
-20
-40
-35
97
22
-97
-87
65
62
-46
78
38
68
62
46
-99
17
10
66
-48
-47
-25
-22
15
60
-86
32
-78
6
-16
-83
19
47
39
-9
-32
-63
29
-25
81
-94
-71
78
86
92
-61
60
-16
94
-43
-12
94
43
26
-3
44
93
70
-28
78
-27
88
-60
-38
89
96
8
2
82
-86
-48
3
-10
-51
-70
65
-74
97
-40
-58
74
30
-66
44
-86
40
-41
-96
51
84
52
7
17
1
-25
78
8
-48
50
-13
-89
95
-76
-60
61
-27
95
-9
-47
-37
-80
71
-33
-74
84
37
82
-27
-40
52
0
42
-56
12
92
79
58
-86
14
30
73
91
77
93
-70
46
-25
-99
57
71
-29
-4
45
88
-73
-79
33
35
4
37
23
73
-12
29
-85
-60
51
-96
70
-49
-75
21
29
82
-16
19
57
81
-22
70
6
-16
17
40
-38
-43
-38
25
50
7
53
52
-18
-69
-81
82
-67
59
96
62
59
42
-74
-80
-96
-93
-82
-15
-36
-46
-72
67
-74
16
-65
52
38
-52
26
27
47
51
-37
-17
-12
73
-97
54
42
-41
92
-41
-81
22
33
55
4
-100
32
-31
-51
-45
16
-59
-74
74
-69
52
27
-48
64
73
89
-11
-74
-33
8
56
48
-3
80
53
33
49
-67
-27
-11
92
97
-75
73
92
-51
-90
20
-34
80
-85
-7
54
-32
-68
-94
92
-49
-98
-1
-6
-43
-7
-34
77
-41
-82
65
63
8
-9
43
-65
6
-84
-79
-29
-31
-73
63
98
43
-96
79
47
-89
10
41
-13
54
-95
17
-68
96
-71
-89
-68
28
-39
-26
-88
-8
-58
86
86
-51
-4
24
-17
-53
-64
-52
89
-8
79
-70
-71
-13
66
-46
-79
76
-71
52
3
-21
-82
51
-87
-66
37
-34
80
-99
-36
-4
-58
-6
-24
27
67
68
-98
-69
39
-89
-21
-100
90
-63
-47
-41
54
-6
88
-7
-62
7
-25
35
30
-87
12
94
-19
-100
-76
-20
10
-93
-6
-65
54
-53
-42
-18
-53
35
-98
46
-74
-10
81
98
-41
-41
18
69
78
-33
10
48
53
29
29
-52
75
75
27
55
97
-23
-13
-76
66
-75
-64
-34
-73
77
84
-34
-11
71
98
19
-82
73
-49
30
43
40
42
95
26
-51
37
20
7
-100
-61
12
29
51
-79
12
8
-47
37
-32
-40
2
-23
63
-6
37
56
38
28
22
87
52
-72
-62
-45
42
45
-26
-73
64
3
-30
-53
-74
94
-41
91
-56
-93
72
46
-52
22
-76
37
14
22
-50
-81
-17
-95
84
-80
-84
9
24
-3
21
25
12
-20
-84
-92
-59
36
-45
24
38
89
-49
-84
30
57
59
-26
-44
71
-19
-21
-66
58
-76
71
19
-38
22
-12
99
4
-11
-93
-82
41
-40
40
26
-60
-16
-22
-68
69
77
23
-38
38
-91
37
-46
-58
-22
-2
-92
-29
-11
85
-22
72
-61
18
-56
59
76
-97
-39
-98
-20
-44
-8
42
-68
-11
-17
-39
85
-62
-15
35
-54
53
-52
-13
-55
82
79
-83
-52
-27
59
-62
-77
-84
-41
59
-84
97
-74
27
18
-97
-92
-85
-42
-47
71
-42
-32
72
5
94
39
-48
-36
55
61
-99
84
-87
-14
-64
55
-25
31
21
-17
37
22
67
2
16
61
-29
98
-70
-85
-91
-36
64
-64
55
9
68
93
90
-68
82
52
46
-67
-1
54
0
34
-68
31
67
6
-12
-42
-56
84
-81
-27
84
-35
-76
-10
94
49
-10
60
55
-83
18
-41
-40
20
-98
82
-4
2
7
-11
-60
33
14
-38
-46
85
75
-93
47
-70
-41
7
17
-64
-97
-79
86
84
31
-77
92
36
35
-42
48
35
21
-8
-64
-10
-60
-62
-71
24
-18
-12
37
22
17
-95
41
-24
32
77
-47
59
10
-44
-27
40
-23
-4
-92
-52
-59
-89
80
30
73
99
-64
38
-68
-59
8
14
-100
47
-64
49
-59
23
51
70
70
10
-28
99
-28
-89
-86
2
-16
49
-73
63
-59
96
43
66
39
74
-78
41
-27
31
-35
-69
-47
-36
-26
-44
69
-3
-66
91
3
-46
73
0
6
71
78
-69
-1
79
-43
-90
86
41
55
-57
-53
-56
-10
-20
81
97
-43
46
-67
-38
58
58
28
-90
-70
22
23
33
95
48
-36
32
79
5
85
-22
87
57
54
12
-43
67
-60
-48
4
62
63
59
13
-60
-58
-47
98
-49
46
-45
-67
17
-25
-92
22
-82
-68
-29
32
-55
-5
-44
12
-13
-91
-93
56
-23
51
51
-51
-17
-21
72
59
-48
-36
57
14
-75
-24
-48
-32
-8
59
-19
-53
-96
45
2
-53
-47
-20
-11
-70
78
83
-72
-17
-52
15
-58
-63
83
-73
-85
-49
9
-39
-24
52
15
78
-61
72
32
15
-22
-88
-52
-87
-59
-22
-7
15
-58
-39
-56
-94
-87
83
10
37
8
93
29
27
79
48
-75
67
-83
-8
-34
60
-6
12
0
50
-1
-92
-90
90
-35
-86
-16
19
-81
-9
-22
-69
49
59
71
12
90
-24
-89
4
-23
76
-16
-57
53
96
-70
82
23
-92
26
-49
-63
-55
83
61
-42
41
-52
-96
-34
22
16
35
-89
14
-29
10
-12
41
49
-49
-97
-26
7
70
-42
-49
27
75
96
45
-9
69
-35
-34
-81
21
-44
84
-42
-8
-3
79
79
-33
32
49
55
27
71
81
-29
-10
58
27
-59
-49
39
19
71
22
36
-46
-37
97
82
-60
-81
-93
-64
-48
-66
18
-27
83
27
-53
-42
-59
-95
-36
-36
-26
90
-55
87
74
-40
50
37
-64
66
-68
40
44
-14
-12
-33
-70
-22
25
-34
-60
72
-31
34
-40
25
-34
-39
-67
-76
74
-6
59
29
-34
44
-33
71
17
49
31
-56
-53
-72
-97
8
3
38
55
62
74
-53
34
0
86
97
-19
-77
90
72
-15
-27
3
-80
-90
14
-54
93
-52
-70
3
80
58
23
3
21
-62
-53
-6
8
-17
-44
-16
-8
-38
7
-6
-86
3
15
-56
22
8
-26
98
48
30
-57
-69
89
-83
46
97
-25
-23
34
-88
53
46
-28
89
19
27
84
28
53
1
34
-59
-51
-41
-27
14
-5
-54
-1
55
20
62
89
55
-93
-80
-60
-17
79
51
-64
-19
-18
39
95
86
-98
-44
27
-65
-52
-70
30
-33
-61
69
-58
19
72
-33
18
0
-67
44
97
-50
-57
87
35
-76
50
83
34
-58
-90
39
14
97
47
49
-2
74
-91
-68
71
-14
52
-11
-72
54
-21
-97
-18
-72
89
-53
-63
78
-15
94
-65
-82
70
23
31
-19
8
3
78
-20
-9
89
37
-47
-9
14
15
-9
-37
-86
-77
36
-8
3
36
-91
68
14
-51
-11
21
99
62
-42
-31
-30
-63
-64
-14
40
5
-46
-55
-39
-4
-22
53
30
70
35
52
-23
-7
-24
77
-80
-38
-57
21
3
-55
29
-64
-38
48
80
96
-97
-97
-79
56
-35
-80
-49
95
-19
-29
-57
83
5
79
77
-66
41
17
86
-93
1
-93
77
-99
39
12
-87
34
80
28
-4
-61
-85
47
66
24
38
-5
18
60
-66
60
9
25
-80
36
-47
39
-47
46
60
44
3
79
-49
64
-79
41
64
-42
-59
-29
82
29
22
-72
-49
-22
55
-10
82
-63
66
84
-26
-22
46
14
-63
13
-86
-45
85
-27
-75
68
-82
-55
79
24
58
-7
-11
-91
2
58
71
-73
-31
21
96
-46
-79
65
72
-21
3
22
72
54
-55
90
-40
91
-81
84
7
49
-98
-1
39
63
93
3
69
-60
-39
-23
-3
-60
-3
36
88
37
-91
-35
31
-14
26
-74
-25
-2
96
53
-38
3
2
5
11
24
61
-64
84
17
-63
-42
48
1
46
61
-79
-51
-41
16
37
-21
74
-98
63
8
2
82
16
-60
-34
-77
30
96
-20
-33
-60
81
-34
16
-29
-30
-27
8
3
42
-26
30
-9
-23
56
-41
22
6
92
12
10
-66
-96
32
52
-93
-88
-11
-47
-84
13
11
11
66
-66
-95
39
88
-72
-80
63
-56
-42
-11
-76
-38
-53
-84
47
-25
-76
85
-29
-78
-57
-10
81
-30
-14
-89
-19
57
42
-89
-36
-28
-78
84
-70
25
31
69
-75
2
53
65
-28
-19
-83
41
-99
85
-12
94
69
81
-17
40
-21
91
-79
-63
-27
-94
-76
-53
-55
-37
69
-40
-37
-23
-80
-2
-40
35
-43
48
13
73
-95
-32
46
-31
-15
-9
90
-92
-2
67
7
65
34
-25
-46
31
-53
26
1
19
27
68
-48
-2
52
4
52
16
70
8
-71
6
-87
-55
10
26
-60
-26
10
84
35
-95
70
78
59
-24
-2
97
-24
87
-9
16
-18
-27
77
-51
70
57
-74
24
58
-55
38
-70
-11
89
-86
47
73
33
-56
-45
-97
-70
-5
-83
24
-11
-78
-34
-58
18
-1
-88
78
-38
-84
-19
93
25
82
6
27
70
37
61
28
-89
-43
16
16
50
-17
35
-75
-2
-69
82
-58
73
-75
73
-28
12
13
7
38
-54
26
-11
-79
77
-37
32
-19
-53
-68
-77
-19
-35
-49
-43
-78
52
20
25
-78
13
-14
-84
80
62
21
21
-37
-45
71
-89
-64
38
-63
-57
-44
14
-33
-80
-13
-3
-46
23
-64
-6
-8
24
7
-96
20
83
-19
-9
19
13
61
71
-60
-80
-30
-87
-55
-87
20
38
-2
-99
82
2
-67
44
-70
-29
-33
73
29
19
-72
9
-16
-70
83
-43
28
-46
-33
38
20
-30
42
-27
-13
-69
-33
86
-61
-49
38
50
-74
43
15
15
-27
83
11
76
27
-35
9
-96
-13
-41
-61
34
34
-74
89
82
-55
38
-13
12
35
13
-60
79
-55
8
-66
68
-46
-11
8
-19
-2
54
-40
-33
-31
43
-63
40
23
98
29
30
-1
51
-95
-30
66
45
-26
-30
-92
-53
51
-15
10
-52
6
87
53
-93
-17
-93
69
-83
-87
41
62
-80
-15
-33
-80
77
80
32
15
-16
-19
-84
-49
53
97
95
-29
34
-47
59
-37
-20
6
88
-65
62
3
14
-85
-50
11
51
-41
21
73
-43
-90
-34
69
-86
35
-28
65
47
47
-19
-6
94
51
-41
5
38
-65
-26
3
-12
77
33
-57
-86
-84
-6
48
7
-49
72
90
82
98
-61
7
-95
-15
-19
-72
25
-61
30
0
80
19
61
-43
98
-40
13
91
52
73
-68
8
-91
79
-58
22
71
74
10
92
-53
86
92
-45
-97
68
6
29
-21
-60
-14
29
92
86
-83
98
-82
-2
70
38
58
51
64
-2
-28
14
35
-87
-4
-42
-1
-57
3
30
56
98
-75
-30
88
-90
30
21
-75
-66
26
-69
62
28
-75
-84
34
-80
-2
-81
67
26
52
-18
21
-43
-49
-6
58
24
61
95
-5
-20
80
-3
-83
43
-78
39
29
-13
50
-92
-31
57
-77
28
-72
69
50
-95
15
98
-52
-82
-2
8
49
36
-60
69
70
21
-21
5
-34
39
