-45
6384
42
19
-10
-6
-2
18
28
-65
-66
6
51
-37
-98
-60
-62
10
-90
80
91
39
-46
37
-91
61
10
-1
-73
-93
4
57
-31
10
83
49
74
83
73
13
-4
-37
4
-92
-54
-27
75
-42
-93
3
-35
-58
-19
42
-11
45
-69
39
49
71
20
-3
40
89
-4
-67
73
-43
91
-98
-12
-49
7
38
-68
42
24
62
-12
43
-46
-95
-2
1
24
-94
-12
7
7
55
57
-63
64
-43
-78
-77
60
65
98
31
59
-64
28
46
-13
-57
42
53
86
-6
53
-15
12
-43
-70
22
57
6
-65
-74
85
30
71
65
78
69
-87
17
-29
-55
40
0
40
-99
13
-88
-62
-25
7
-30
-83
-3
97
84
-42
-40
-31
59
-81
-2
22
43
-31
-27
-43
-42
-65
88
-56
-84
-50
-4
91
5
14
-24
34
41
85
24
-8
-78
-4
-15
-25
46
-46
73
-95
-93
-27
-78
44
-85
61
-19
-65
47
-79
-97
-89
71
75
-25
67
58
-10
-98
-84
-83
52
-25
82
-29
24
-27
-22
-19
-82
-14
-77
-65
-78
-8
-25
-35
-93
-93
-9
-61
-13
88
38
-66
-70
-31
41
-67
4
-76
11
-56
62
-24
-43
59
79
21
-58
60
-61
62
82
-54
33
83
-96
59
-31
72
40
-4
-39
23
25
-52
-18
26
-98
51
-22
59
24
22
-65
-8
-69
-85
-1
80
-88
58
10
11
18
-69
90
14
42
10
60
92
7
-49
9
-64
81
72
-72
55
-31
15
-91
4
-56
-76
80
-15
49
1
-83
-47
61
-76
65
-44
59
-18
91
-76
-62
-6
-61
-85
-59
-83
49
-97
-58
-20
14
-23
92
-74
-89
-97
48
-50
48
34
-93
-9
91
63
57
-77
-16
-55
9
10
-52
-85
-37
2
39
67
15
-36
-5
42
39
25
-45
-28
-24
-89
-16
-53
-50
-21
-53
-60
98
-82
69
1
-65
93
1
-64
-19
29
7
8
-59
-32
20
-5
2
-80
-78
15
-51
-77
-59
25
-65
-86
-95
32
-33
-24
83
61
-31
-51
4
-6
-97
87
29
49
-86
-17
-52
-20
-53
95
-94
-63
96
-68
58
-79
33
88
-68
-63
20
23
72
-49
-55
-7
57
-51
-66
-98
68
28
62
1
45
55
33
90
52
11
-76
96
46
-14
43
5
-55
-28
32
93
-64
-1
-80
-71
-69
6
86
-93
-7
-77
-66
-88
95
74
-62
-56
-58
84
-75
13
35
80
4
-70
28
-92
-41
-47
-19
-42
-48
-34
-4
-55
-17
52
39
20
-42
7
-92
-34
7
-97
78
74
-53
87
66
-73
-2
-90
72
46
-42
-52
48
-62
44
-93
-42
-26
-89
82
-10
34
95
39
77
63
86
-20
49
-47
-9
82
58
-12
-67
35
72
0
46
-72
77
8
5
-43
-34
-59
-26
43
-99
-80
50
26
-29
-68
-78
9
-60
20
-53
18
-96
7
71
74
-90
-97
88
14
69
-85
21
-88
-28
-54
-20
-8
56
-10
7
50
-26
53
6
-59
-85
-36
-74
27
-8
44
44
-91
35
-20
-2
-81
-75
-38
79
17
37
-81
57
57
21
10
-94
-79
99
39
-95
77
-67
31
-97
82
2
-99
42
-40
66
-89
-7
-68
31
45
25
12
64
-80
87
-43
45
-53
30
-34
47
13
47
69
95
-49
-11
11
-19
70
83
-54
15
10
-81
12
-22
-66
97
26
82
11
-59
-64
-64
-23
30
-90
-10
-73
39
-98
18
-95
2
29
72
-99
-47
-96
0
47
18
-95
-90
31
-77
38
-11
-85
-95
-28
-33
-74
32
20
-50
30
59
-41
-60
-21
-20
3
-68
65
-18
-7
36
-78
-87
-5
43
32
91
-55
-10
-13
-20
92
-53
78
61
87
-5
-29
-90
79
-20
-61
13
-14
51
51
77
-98
-38
-10
50
80
-85
32
-42
20
33
-85
40
-15
71
12
97
-20
23
42
98
56
78
-9
0
-67
56
51
-80
-88
62
-46
-60
28
46
89
-55
39
99
17
-3
66
72
48
-10
70
-81
-14
5
-78
16
90
-73
1
33
-3
-46
41
37
-78
31
79
-83
-96
3
-73
12
-91
13
-19
-75
-11
98
-67
-71
-15
-18
-90
-21
-81
59
-88
-42
41
-35
14
3
-87
-36
57
-89
-1
0
56
59
39
-74
83
-63
-70
78
31
60
-85
-31
69
-8
61
-100
-40
-73
-79
-13
-19
-93
40
-89
80
26
25
26
-68
-51
72
-95
35
-82
-31
-26
99
-84
-73
-35
95
-72
-23
65
-39
14
18
-32
46
-13
67
90
40
-52
2
92
-43
70
44
-21
-75
17
97
9
90
-83
-10
-76
-65
-26
-25
36
-59
51
82
41
-70
33
31
52
-86
-69
-64
52
-50
-55
-31
-35
62
49
16
-92
-64
12
-59
43
-76
-6
-6
48
10
-78
99
-50
-45
94
-36
-25
29
-67
-27
-35
76
4
42
-13
-48
-58
54
44
-36
-68
-34
-29
57
24
0
-20
-66
78
-60
0
16
-61
-28
-45
-10
-4
2
56
80
-10
43
-19
1
89
-69
3
-90
3
-29
96
-6
-10
-49
-35
-36
-16
-7
-4
-97
-6
-2
-2
3
24
61
23
64
42
-71
78
-95
41
-16
9
-60
-58
4
-66
-32
62
-22
-78
-28
-3
-10
-52
75
95
-83
60
82
-51
-83
17
-6
-82
-78
98
-94
65
-83
79
87
-74
60
5
56
-46
83
71
82
75
21
66
-38
86
-16
-98
-47
-39
-11
-93
-97
-87
-16
61
-93
-72
77
50
93
-7
-47
2
-50
-75
46
44
28
35
48
-61
39
-35
98
94
23
-63
68
43
30
-54
83
-61
83
77
-13
-16
25
-94
-9
38
-96
-69
84
-69
76
-70
-80
-69
43
-68
64
-53
93
-24
81
-53
-65
51
5
-48
-20
91
93
67
-62
36
-41
95
98
38
-65
-50
-95
6
6
69
-67
86
7
-46
-72
84
69
-48
86
68
-11
15
-39
-23
-89
6
-9
-17
-42
26
-53
-79
54
57
20
-90
-19
-85
-41
7
-48
-65
-1
29
-52
22
-89
-48
73
98
63
-80
0
-64
-85
60
-36
92
1
-36
51
54
41
-35
93
49
-40
-73
64
18
-66
-26
18
63
-13
-69
55
20
-56
66
-77
-32
-70
-9
66
-29
25
-63
44
-68
-92
-67
65
82
58
64
33
-69
7
11
93
-64
64
-41
60
-76
-5
90
-81
-64
-33
-49
3
0
-84
-39
39
-34
-1
47
-69
-11
55
-89
-71
-43
47
-54
54
-33
-67
-90
-22
99
-96
11
-64
51
0
-28
-84
17
-79
53
-73
-68
-43
4
94
-61
-27
-78
64
-14
-50
-78
-24
-56
31
-34
-1
21
-51
-14
-14
96
89
-54
-27
38
52
-62
11
-83
-94
46
21
17
-40
-9
9
58
-28
36
35
49
-34
39
86
-92
-46
44
-58
71
-95
48
-43
-19
-66
3
19
6
-84
75
56
89
-53
62
19
98
-91
-78
-2
23
-96
19
71
46
1
-95
-11
10
-97
-12
26
-8
94
-51
-53
55
26
-8
95
-97
46
-40
-41
6
97
73
-4
-10
-8
-91
-89
75
62
-38
24
49
56
-7
64
98
-94
39
20
69
-35
55
-100
83
84
-41
-70
10
-67
61
10
93
-53
51
-41
-53
99
-22
88
23
-60
88
-57
-26
11
-1
23
64
98
89
-64
83
2
78
79
-13
-31
59
-42
58
96
-62
-41
91
-42
0
-32
-55
97
44
-24
17
49
27
9
-42
0
-41
-50
30
35
51
49
-88
-3
-48
-11
-6
-3
29
-76
82
33
-73
-39
73
-23
24
5
90
-72
-77
29
-67
-21
90
79
-26
-25
-67
-46
11
-86
-19
1
51
70
-72
-62
52
89
67
21
15
-57
59
81
-63
13
86
-35
56
-43
-70
-14
16
83
-83
90
19
87
-63
51
-90
-23
-51
32
-96
65
89
-29
-37
-99
-27
16
-15
-78
63
-72
-48
-91
-96
81
-29
34
-55
-16
-24
-12
-27
-34
-2
11
75
-5
44
23
6
10
-87
36
63
-40
51
67
-83
-19
46
-38
58
-80
-35
74
-87
64
28
-66
-65
-91
95
42
-91
-50
-67
45
45
-59
-5
3
-2
64
74
-36
-31
-87
-79
-99
-21
-30
-27
39
6
-16
-26
50
-9
35
-71
67
0
-26
-96
47
73
1
-10
46
54
-43
-6
-64
4
-95
2
41
99
36
15
-81
-69
-29
55
-75
30
-74
-98
-57
-38
-81
62
93
-56
55
35
80
10
16
89
-55
-1
17
8
-51
-71
-62
-88
-17
86
-67
-40
24
14
-6
77
29
48
-54
86
70
-49
57
-71
-59
-58
10
91
-28
56
-54
-91
70
-38
40
20
-26
82
28
-100
-35
50
64
-98
-78
44
-10
-53
-30
-74
-11
-6
-77
58
23
57
-15
29
-66
28
96
-60
-66
29
-56
36
62
-21
67
-89
-32
-99
3
84
1
67
-91
-4
-19
48
97
-47
-58
45
67
32
-2
12
-22
35
90
90
-65
-53
-1
72
-61
69
47
59
92
19
-37
-27
2
25
-65
18
42
-38
8
-74
85
-23
1
-25
-69
-19
43
-81
-70
-18
5
-79
14
48
26
5
-86
95
-47
-55
-12
-79
13
-49
-84
-20
63
1
-27
-94
40
-24
-19
67
-60
50
25
-83
-76
81
70
-58
-34
95
-6
82
82
61
77
-35
-7
-57
-26
-61
-66
24
21
46
-60
32
-93
-8
-66
41
-26
39
35
80
-58
-17
43
-98
37
-25
-4
-24
-53
66
-47
-60
59
10
74
71
-92
-7
10
-59
74
-79
93
49
-87
-13
81
50
-72
-78
-57
19
-66
-93
33
19
77
81
32
89
17
-34
42
1
8
-59
-61
-31
7
88
66
-83
-25
-61
-36
93
14
76
-57
-23
74
-75
-18
82
-82
-85
47
-83
2
25
-42
75
-73
-63
-29
48
75
4
-80
-18
91
74
-45
-51
70
-18
-34
-96
-61
-73
-62
-66
-41
-97
-56
29
99
18
-26
60
-72
82
-43
-10
-45
65
-53
52
-59
93
-46
54
95
-92
12
-88
89
-85
88
44
-41
51
-16
-74
-85
-43
89
54
14
37
-41
30
12
-24
66
-53
26
-59
41
-9
-40
22
19
-92
60
95
32
-93
78
-31
91
87
-33
68
46
53
94
58
-64
2
14
49
-91
-39
-65
-79
-20
-12
78
13
-37
71
-91
-11
-3
-3
98
-54
-37
55
-70
83
56
1
-97
1
90
82
52
17
-21
-89
95
93
-93
34
4
1
9
-45
-67
-94
-7
3
23
11
20
-70
66
-19
40
60
53
-55
-45
-94
-10
4
91
18
-21
-67
-72
52
-15
-100
75
81
-18
61
-7
-84
87
71
-99
55
8
66
77
22
-36
-84
-55
-85
-90
-27
45
16
-35
16
2
-62
-12
-95
51
-49
-2
73
-86
59
-20
3
-57
80
30
-86
93
-49
-64
19
-61
-39
80
85
-20
84
-69
15
53
-2
15
89
89
43
37
97
76
-99
81
-31
85
86
98
61
43
95
94
-94
-76
-68
81
-15
80
-65
-44
58
-24
-40
-55
-97
27
-31
51
-93
-86
-59
-98
-100
36
87
79
-66
86
-60
27
-39
-27
54
90
89
-17
-44
30
96
-63
8
-89
-99
6
-3
-69
23
84
-6
67
-74
-89
-86
23
-7
64
-41
15
58
-80
60
-5
-19
80
54
-29
-11
15
60
24
-77
47
15
-85
-71
29
-78
-24
-35
-61
-68
-55
-63
-82
-70
-62
99
-38
35
64
30
86
68
-69
9
56
89
-29
73
-47
82
26
-18
-28
51
-96
-97
-18
45
92
-78
-87
-58
38
85
-65
-70
-37
-12
-81
10
-82
-83
-51
-31
66
-54
41
-20
-43
25
53
23
33
-85
-69
36
95
-78
-43
30
73
92
31
-58
23
38
-85
64
-3
36
-56
38
80
46
-55
-61
-71
72
46
-47
0
42
-7
2
-14
81
27
57
-18
13
24
-32
5
52
-95
92
57
16
56
-97
71
-48
-86
11
-37
-4
-30
17
-56
56
-53
-3
67
-47
16
-40
-27
-31
-12
-12
93
-43
-93
3
29
-28
39
-86
-97
84
-19
-66
28
-15
-30
19
-22
-55
83
-67
81
-75
-40
-23
42
-75
55
36
99
-34
28
-89
-40
-1
-68
-39
-64
-80
27
-6
-8
-31
18
92
-35
-18
3
2
88
-53
29
-24
-6
61
-44
28
86
-66
77
94
-34
-66
-28
-99
82
-41
38
43
67
2
33
45
46
-3
45
-88
-34
-42
93
-47
58
75
46
22
31
-87
50
-41
39
47
-50
-25
28
33
67
-32
53
-9
11
12
20
41
32
88
-7
80
64
-21
5
41
-21
-58
77
-4
-91
-99
30
48
15
73
-44
24
54
23
-9
-61
-73
13
55
12
-88
-59
-3
84
-84
-76
-45
-19
-22
54
-53
74
-8
97
9
27
-36
-28
41
-58
-60
-82
-77
-31
11
99
58
86
82
-34
-42
-9
-42
50
86
-49
16
47
3
-85
66
-77
-69
-75
-71
-74
-75
12
-31
-51
10
-36
16
4
92
-70
55
41
25
85
9
69
24
-1
8
35
-35
2
25
-26
-55
-62
96
-65
53
29
-44
-93
3
20
53
95
54
-46
-64
21
71
64
-71
-60
-47
-75
-60
57
41
-42
92
45
53
29
94
-75
-1
-65
79
16
-37
96
-95
-82
-32
-35
-71
9
21
51
-76
-99
64
13
-24
-90
25
93
-61
4
0
-56
-12
85
4
-68
-88
31
90
44
60
-85
97
38
47
88
40
-28
34
35
93
-11
-81
38
96
30
84
20
80
48
-17
91
88
-52
23
-73
-49
12
-1
7
76
-78
68
7
59
-43
-89
-88
-72
78
-86
-7
-4
45
-38
15
-22
-98
-100
29
-54
-14
46
-99
94
81
28
95
37
49
39
76
-25
5
92
1
-43
82
90
-98
65
30
1
57
-1
-52
70
66
-92
9
-15
97
-96
-92
-39
-48
62
-90
5
14
2
-44
-55
-67
-34
8
-75
-61
24
39
40
-44
26
48
-47
63
-54
-42
-38
70
-61
-86
-28
85
-31
58
63
-30
-65
62
57
9
-26
5
54
92
92
-50
64
68
-52
-5
-56
-88
51
-52
19
-24
-29
13
-3
18
40
79
-15
-83
44
-56
-91
70
25
49
43
47
-74
-71
97
80
45
-61
5
-41
45
-74
21
26
-90
-89
83
81
-44
-76
-15
33
-18
84
-25
-2
-28
-24
-99
-27
-78
-27
-68
-83
-14
-82
50
58
-11
16
27
-30
-92
31
-10
-8
-18
-96
0
-56
-88
26
-25
-8
-50
-69
2
11
-23
-4
9
25
-45
53
-100
67
-75
3
21
17
-6
-74
-45
56
-56
87
-92
-18
85
26
3
-32
-87
73
9
3
-92
-29
-100
-13
10
12
64
-81
82
-51
-72
4
45
-52
30
-43
52
0
-13
52
-33
46
6
-88
-83
95
91
96
24
-83
-94
-12
-47
92
-8
34
29
96
-29
46
-23
-37
28
91
-98
57
61
-69
-63
68
21
-9
-28
-75
-29
96
76
10
-2
30
-10
21
42
-26
-32
7
-20
-19
-60
-84
64
29
9
-43
53
-70
73
7
37
20
73
45
0
76
-88
57
34
-91
-4
-22
51
57
-26
98
-69
22
63
-17
76
62
-31
71
16
-76
-8
-33
39
-88
-90
-55
54
-67
-22
-66
41
32
-84
-12
-47
-77
93
-54
32
77
-100
-35
-92
52
18
29
-56
-70
-31
-50
47
72
-23
-34
-32
-1
78
97
-78
-91
32
0
20
-53
40
24
-89
82
98
-25
-75
11
-81
-32
-26
59
39
-58
8
9
-64
20
-81
-85
24
-94
-56
15
90
-50
-41
22
-5
37
82
-98
-19
-38
63
-30
-51
-95
75
2
14
-31
-99
0
32
-68
-67
-67
-88
-1
45
57
78
-39
15
83
2
-85
-54
31
-27
-14
-82
-47
-48
92
-91
-77
93
35
-69
47
0
-70
-78
-30
38
-78
92
-67
22
-30
-79
-28
-8
-100
88
22
1
-35
-20
-24
-43
89
53
-72
66
86
-100
15
78
4
75
20
19
-27
-100
50
54
-32
-92
-79
25
-70
-13
26
-1
-13
96
-32
-24
-84
46
-47
94
-22
-88
0
-85
89
-43
24
-68
89
-87
49
64
36
-40
-68
-83
38
14
-25
26
-16
-91
25
68
-30
59
41
-72
88
65
40
70
53
4
80
-3
43
73
-57
45
48
79
-27
-52
-68
28
-35
-22
18
11
93
-36
-12
-32
-49
-34
-96
56
18
-12
-65
28
61
43
78
31
-35
48
69
47
-75
-82
79
-88
-52
11
58
-98
57
-78
96
16
4
-56
79
-28
-41
98
-3
-98
62
-73
-4
-34
56
-20
5
-34
-17
85
44
87
20
47
46
22
34
92
-74
-48
-31
-75
-62
60
78
76
-78
-3
-6
-13
29
62
-19
-95
-68
-30
-12
78
-45
11
-4
74
30
-33
-66
50
25
-47
-29
-100
-27
32
65
-63
78
70
-55
94
-20
7
58
8
-45
89
78
-50
-42
-74
-26
-23
-7
64
21
91
-73
-95
9
-3
-73
-41
69
81
-71
9
-29
52
93
-54
-93
-20
-36
15
2
95
63
79
78
58
-25
-62
42
96
-54
-69
55
-99
-26
-89
-56
-15
12
48
86
67
89
12
93
-65
16
29
-87
7
-93
-52
40
35
-44
-48
-73
-11
69
78
-82
-92
75
75
45
53
-13
-57
-42
51
33
-65
-86
-49
58
9
90
-28
-63
74
80
-55
-73
-58
-53
51
63
-89
85
96
32
-64
87
91
-27
50
72
21
90
17
22
-30
78
1
-83
-23
-100
86
23
99
-23
-50
67
-57
9
-76
-56
61
-80
51
-9
75
15
-56
66
40
-94
43
-11
43
-46
-26
-8
-77
78
-54
-12
27
-28
1
41
-59
-4
84
53
97
-3
95
-36
-73
77
-79
-64
-30
82
46
-73
17
-35
-61
-14
92
43
-27
95
-51
56
0
-42
-67
-48
10
66
-18
48
-72
-35
-28
96
99
6
-39
24
0
-81
-81
-23
-54
-49
78
74
-45
72
-53
43
22
-80
79
57
10
84
42
-93
-36
-75
50
65
51
-34
50
-97
53
69
-4
-61
-57
-56
-15
80
33
-67
-16
-2
82
4
-90
91
26
8
-75
-17
-97
74
97
27
52
-17
-41
99
-96
-8
-70
23
10
19
-30
30
24
54
-19
-61
-2
-60
85
-93
46
4
6
-78
18
-45
-47
-92
68
-47
-46
-68
30
89
-77
-37
29
-66
14
-52
91
-25
-29
-38
-62
-37
-5
-20
-4
-24
-16
-69
16
90
99
-1
-62
98
10
89
24
20
11
89
-20
99
-56
41
-75
95
-98
28
80
-97
-30
52
-44
-75
-81
59
89
10
-1
-31
-1
18
-54
-47
-27
92
-61
38
-1
-9
-15
38
49
-9
-84
-93
43
96
36
-28
64
-24
-45
-97
-30
-27
-80
-9
63
91
11
-63
24
71
-9
52
99
0
61
43
-68
-96
-24
-2
-5
33
96
-77
-96
41
78
-92
77
74
-90
-80
20
7
12
2
20
-31
-5
-13
-5
-6
-67
78
5
-49
71
6
-28
14
-30
-88
65
-4
98
-83
59
57
18
-75
-10
-58
1
83
51
1
77
-69
-62
-12
-17
-48
61
-9
-47
76
-74
-75
15
23
-84
37
59
55
-36
-59
89
-84
-28
3
-71
-46
-63
-22
-36
-58
53
9
-15
39
-4
4
-8
91
3
-34
-42
58
-40
91
52
-58
91
50
-62
27
-36
-19
20
17
4
-80
-6
-95
-39
-76
-87
-58
74
47
44
2
32
-65
63
95
68
12
-93
-99
78
-7
86
66
37
-85
30
97
-98
-63
-14
75
14
63
-99
32
61
98
-79
65
55
-68
-64
-32
69
-31
-93
-53
96
-36
50
45
-95
7
1
27
-30
89
55
53
89
70
51
-65
35
75
23
95
98
21
-56
55
-52
-69
76
-21
-83
-38
23
35
55
69
-10
14
-25
63
-95
-49
-32
-95
27
58
7
-14
-62
-50
54
-14
39
45
58
71
73
-46
19
17
-35
71
22
92
-61
27
-71
0
42
-88
31
31
35
-92
44
-35
83
-8
99
-49
26
-5
-14
55
20
88
67
-55
-2
-56
68
-46
44
-45
24
16
-21
-67
-77
22
46
45
74
98
79
43
74
-74
83
92
50
-70
39
-14
-49
-96
-53
-34
-17
-21
13
86
39
7
97
88
-59
-12
29
-4
-92
-23
-74
58
-53
-97
-56
-89
8
5
79
67
-94
30
24
-59
83
49
-2
10
57
28
54
32
94
18
76
-92
-54
-69
27
11
20
-10
-66
73
87
4
-1
-30
-63
-29
63
96
-11
29
6
78
-32
61
9
-64
-16
-78
62
-55
-22
-16
84
-22
10
-79
16
-11
-75
-56
0
-59
53
-42
-44
89
69
75
-4
95
81
-93
95
-70
20
-40
93
-83
-40
-41
-13
12
12
6
10
8
-9
-30
84
-53
66
11
44
-58
76
99
-51
-35
95
94
-86
-48
42
-90
85
-81
-1
-42
40
-55
75
-58
-41
10
-33
-53
-83
44
-8
-44
-6
92
10
-34
-52
-86
-81
-76
40
-55
-30
17
74
-16
-30
30
-92
99
57
-80
-72
-14
-61
59
0
38
48
59
-31
-60
63
92
68
-32
57
38
-59
-29
-65
-18
-6
37
-69
37
47
-89
5
-10
49
-1
7
99
39
-97
-70
43
64
-43
-100
-10
21
-34
-25
-82
-16
18
89
30
49
91
78
67
14
-44
13
34
-29
91
-72
-65
-47
67
46
89
-82
-88
-37
33
-42
3
-40
36
61
-72
-84
14
53
42
53
-49
82
-93
-87
32
-54
93
-48
79
-23
19
14
-55
-79
10
12
60
80
15
12
91
88
-7
38
-51
15
81
19
46
-38
-89
82
-85
-10
11
-48
7
-48
-33
-100
-55
-40
93
-37
55
6
-31
-98
13
48
-62
-18
-29
56
26
12
31
35
13
-21
-35
60
3
-16
14
-2
92
38
-55
-16
85
-76
16
-15
38
-93
-50
55
-86
81
91
-3
64
53
-57
-50
95
0
55
-55
61
41
-100
-55
-68
16
23
-95
-43
48
-4
-24
-57
63
-82
42
-88
-46
-14
10
39
-61
88
-35
-65
22
-72
-45
40
-68
1
-25
9
-51
-30
-42
15
-30
-47
80
60
17
17
-42
-42
-80
-41
-27
80
-77
80
24
-1
-8
-97
-53
28
55
13
23
83
47
-64
97
36
63
-93
-88
-53
82
46
30
-40
33
-11
-12
-53
-67
97
-94
3
-17
-99
5
-9
-41
-4
28
-46
1
-7
-86
94
-90
63
-58
85
-90
13
67
-42
24
-62
-100
-18
33
86
-10
35
57
-40
-73
97
19
-47
-87
39
98
-40
87
-10
-80
61
67
-47
0
-37
56
86
93
34
-61
-58
-87
-97
32
-68
65
-46
-16
-73
-88
63
36
88
-17
-70
49
26
26
-55
80
60
-79
-65
-24
82
-62
39
91
9
64
-51
-66
44
30
18
92
99
30
-63
82
-59
-99
-19
10
-35
28
-28
-91
-25
-27
-98
66
95
85
-100
-10
79
86
-10
53
39
-49
-14
-99
-42
92
19
-4
88
-96
-22
-26
68
78
27
24
60
-4
85
-38
-33
-79
75
49
-93
-10
21
88
-67
60
-32
65
-28
-94
50
99
57
-30
38
-77
34
-43
-32
99
-6
-64
82
-89
25
-7
61
97
93
-86
72
80
-21
78
72
98
-73
14
91
-28
-8
25
-88
68
-19
1
-45
43
4
-4
-96
-41
-35
-17
-66
-34
51
75
-62
-34
9
18
14
-9
91
1
87
87
-79
17
-66
-63
-57
-79
22
62
-59
86
-12
0
65
-27
-63
-79
82
82
92
68
-20
-93
87
71
68
-27
32
20
-6
74
-2
-13
93
-21
-28
78
-55
-29
52
44
12
-44
23
57
-25
43
-98
14
-16
46
-54
-24
-15
49
-19
-61
-67
-90
79
-8
21
5
-20
73
-5
80
-53
38
-3
-54
88
-28
-39
-47
28
-76
-85
-65
-56
79
-70
30
73
11
-58
-22
-51
-65
81
22
92
14
-40
-50
-11
-14
37
90
-51
-87
47
-1
70
-76
87
-50
-27
1
73
-32
72
63
9
-56
73
-36
-100
4
-87
-98
56
-6
28
-64
84
86
18
26
97
12
-89
86
17
67
-84
-35
2
20
-39
-36
-16
36
57
-56
88
-18
29
93
-50
23
-84
-34
-50
40
-18
45
11
61
17
-46
-48
-88
16
-74
-5
-52
-83
-41
-73
-49
55
66
35
50
-43
79
-28
92
-70
-97
93
-52
35
-19
-80
62
17
-100
-70
-23
35
-90
19
-24
50
18
52
25
-77
-39
4
87
-29
-78
-44
2
-48
96
-75
74
-25
81
99
-49
96
43
36
-12
23
37
46
63
50
4
93
-20
18
8
38
-26
77
-78
-89
-24
-100
61
0
31
90
-41
-17
-9
-77
-3
-39
-66
42
80
27
-5
-62
-87
97
96
-9
-83
-41
-86
35
-44
-87
5
-86
21
42
-43
21
15
-94
88
-52
-52
62
-27
4
-48
-15
-99
67
-57
-92
7
56
-75
42
-96
26
98
23
11
61
62
16
-8
32
-50
-54
36
80
-37
-41
-20
5
73
-99
-46
-22
-74
44
28
-78
-36
-69
45
-76
27
-79
43
26
-17
-58
-54
6
-76
32
-48
54
-43
-29
-50
-50
-88
-29
35
-65
70
-14
-36
-14
62
6
-70
-93
-30
-81
55
70
-45
16
67
-62
-31
-51
-27
36
78
-98
-29
83
89
96
-25
47
-55
69
-95
75
30
70
40
95
-22
-61
32
-99
24
35
96
-58
92
23
30
-78
84
-13
-9
72
-5
87
16
-81
-91
92
-43
25
-54
-77
-86
-80
-74
-41
28
-91
66
-76
-75
-29
5
82
-100
88
23
54
-9
35
86
-18
33
-48
-66
-34
31
27
-53
84
10
89
-49
-87
4
-32
2
-13
-17
13
-86
-5
39
24
-89
8
-43
-81
16
-50
-36
54
-41
69
-6
1
-60
96
-12
30
-98
-60
15
-9
-51
-36
69
93
-27
18
-79
44
-73
57
-22
-64
77
-96
-7
90
28
-5
27
70
-59
22
-82
-6
-24
85
-67
-73
93
-60
-49
-84
-86
87
30
-90
51
-51
-10
43
-18
-64
-42
-6
-35
72
7
48
-60
-18
84
27
-38
-88
87
48
-30
72
46
-78
-81
6
19
-24
15
51
66
25
-73
36
61
56
80
59
98
61
-95
67
9
70
-48
-64
-27
-53
7
24
-99
-86
-34
-58
-18
82
49
93
37
-22
-76
-22
-35
-64
88
-96
86
8
-39
-1
61
91
-4
-80
-29
66
5
85
-38
-100
-1
78
-68
-12
13
-67
75
72
60
30
14
-52
-12
-74
-50
73
-11
13
-50
-14
-49
13
-81
91
-27
79
-32
-15
-8
-40
37
-39
54
77
22
68
42
-21
0
31
33
-98
-18
1
76
-85
-92
-100
51
-50
-36
65
11
25
-76
-4
84
54
-85
48
6
18
-84
51
53
-2
20
76
21
36
-50
-56
26
-13
22
49
55
18
-45
-47
48
83
-62
-84
-17
79
-97
-1
-85
50
-53
3
-56
10
6
-44
43
-23
-23
-89
14
83
-43
-53
-26
5
-31
6
45
31
-41
-82
-45
-2
-60
34
-68
35
70
28
89
92
-87
49
-4
-61
72
80
-3
21
-52
8
-17
76
-10
31
41
35
13
21
-94
92
-52
13
62
-73
-48
49
-91
84
76
58
58
-86
-5
-83
-59
17
-89
85
-8
71
73
9
40
88
68
77
-54
7
-32
29
18
33
-36
-91
-47
76
-69
71
-30
81
-19
-69
-97
35
4
58
-53
24
90
93
-66
-36
15
-28
-60
20
-82
62
-40
92
51
80
-46
6
97
39
-83
-54
11
-97
-76
-57
21
33
83
-65
97
12
-32
72
-22
5
7
71
-60
-1
60
-28
24
-26
44
-21
12
-53
3
42
-30
-65
74
77
-92
-31
-15
36
85
85
-90
14
-21
-80
-76
-47
-80
34
96
-18
-93
-69
13
-52
86
-1
48
-41
-87
35
-47
2
90
-91
80
-37
-36
-39
92
17
20
95
9
-73
-8
-16
-18
20
86
5
30
76
4
83
17
-55
-12
28
-34
-16
48
7
-50
70
60
88
70
-26
48
12
-54
55
-80
64
-57
9
70
-97
32
50
-94
40
56
24
-15
82
-48
96
6
-54
2
-82
7
-34
-78
-35
-36
93
72
-44
-67
95
-29
17
83
-63
-97
35
18
95
-53
-70
-72
-23
-16
-95
-23
84
-41
-98
-98
-45
67
0
-36
33
-100
-75
-44
-35
-75
72
49
-72
-19
-88
3
12
-92
30
-69
-80
6
91
-72
49
-78
-52
97
63
-85
29
8
88
-19
15
67
-62
-42
-75
-5
22
24
-78
42
-52
-4
40
-32
-29
-88
69
-84
-37
49
-35
-20
-53
53
-85
41
-10
-38
-6
36
-49
-79
25
23
-48
46
-52
-47
-7
16
75
-84
-4
93
-23
-47
-46
67
-46
-84
-15
-48
20
16
74
71
-29
75
-78
58
-63
44
58
-83
-77
-32
12
-50
-90
51
-89
21
77
-60
-3
21
24
-22
-51
45
-4
80
-34
57
36
-60
-17
43
45
-10
-86
-13
-97
-2
-96
45
-25
60
-48
61
-81
-23
97
9
-19
96
-59
29
19
-80
-42
75
76
46
71
92
32
-68
30
-55
94
-45
66
88
49
-81
-30
-40
-79
17
80
-20
55
12
82
-33
-40
90
-30
-34
-70
54
83
-18
90
18
-83
-41
-82
13
-70
95
88
49
33
71
-23
85
-11
43
-74
-80
-5
90
-77
36
79
-9
-95
-21
93
15
-40
-97
-27
90
-9
-78
-19
-57
-87
-36
59
95
-15
-68
6
-75
-62
-100
-2
48
58
11
-66
1
47
93
59
9
-94
11
79
3
95
47
15
91
22
82
29
-2
27
-68
21
91
-71
-74
60
-12
-59
8
-61
-7
92
23
7
-81
70
-95
38
94
72
83
35
-6
51
97
-78
77
-77
21
-41
-23
72
-66
20
14
-81
65
-47
73
71
9
-97
77
36
-78
87
60
81
95
-64
-74
-3
27
-34
78
44
62
-4
53
23
-74
-23
-62
-49
9
-66
-90
-16
23
-57
-16
-66
34
10
38
20
-78
19
62
-75
-88
-96
30
-47
-15
-90
-76
-80
-63
92
-51
17
-79
59
-9
-35
-90
26
-85
7
-56
17
18
32
-51
66
-99
-14
25
-9
-28
22
2
58
49
-64
55
-53
-57
27
-5
27
-67
84
-67
-96
-2
-84
-94
-51
46
79
-82
34
76
-65
-30
83
-7
81
8
-50
-76
79
33
-96
15
69
13
29
-35
50
30
-35
-69
83
-8
-52
70
-88
-74
-55
-40
-12
-94
2
-24
2
56
69
-84
53
-3
-65
-39
13
-74
-63
0
74
-31
-77
0
35
92
-28
51
39
-27
-97
-51
-57
68
11
96
25
38
29
-97
-23
11
60
-37
-68
-95
-40
-79
-57
96
36
-47
-6
1
-74
-94
54
57
-9
70
0
-5
-8
6
-40
33
-85
15
35
-15
-87
-47
-49
52
19
89
47
94
29
56
43
-44
66
54
20
-90
13
83
80
84
94
-78
5
39
42
-44
44
12
-46
-15
-84
63
23
-29
29
-70
59
-87
-59
-20
-72
87
-24
23
85
-57
9
-89
87
14
-33
-1
-21
47
-56
63
-24
75
-44
-8
76
-62
-94
-39
12
-50
32
-11
-46
-84
-89
18
22
75
19
-28
-95
82
-69
8
-38
-25
35
6
35
-89
-95
45
60
1
52
-58
51
41
-66
-93
-91
-27
-20
-62
37
2
46
-39
42
80
89
-43
-66
3
97
20
-29
-95
20
-15
-96
-31
-73
76
-96
-24
6
-72
78
64
-78
29
-87
37
42
-32
-12
58
40
65
15
40
48
81
24
-94
36
-69
-67
30
93
-69
80
49
5
-85
-72
-16
-34
23
-95
9
68
-93
75
-52
-4
54
-11
40
19
-97
99
89
86
-92
-95
-45
-52
89
77
-48
59
-88
-60
-83
65
24
-86
-56
22
64
37
20
-72
-36
-31
-68
83
-66
-24
51
-18
35
93
68
45
16
67
-1
53
31
-57
4
55
12
58
-56
22
-85
-23
76
-10
84
-77
19
94
82
38
-83
23
-76
-1
79
54
-46
-48
-96
98
6
1
13
15
-55
-53
20
-92
8
75
-96
-18
-60
-14
-26
41
-30
-97
87
89
-60
-37
12
71
87
1
72
46
-12
17
-30
-23
13
28
90
78
-87
-59
-61
-41
-12
-39
-59
64
-10
93
-60
14
47
-96
-5
-61
-81
-30
71
77
15
-22
-70
-68
-93
28
-22
44
59
70
-28
53
-5
-32
-82
-10
-54
-81
49
-94
30
12
-67
3
-29
8
89
-16
83
-16
27
26
82
2
-17
-55
77
-82
-83
-63
37
97
49
-21
65
24
85
-74
34
63
-71
71
-60
57
34
-11
-48
53
57
8
-18
60
77
88
66
81
83
99
39
46
79
-53
67
18
-13
52
96
-27
40
-78
-6
-8
93
-41
41
-50
-53
-48
-62
25
2
92
-58
-21
-98
20
49
-98
-46
-43
66
-37
-91
33
-11
-56
-85
-70
82
-5
-37
-8
32
-10
15
52
-91
-95
79
87
41
-97
83
-17
-56
50
-77
13
1
22
2
-59
93
-37
-69
-22
59
44
95
-20
36
-90
-50
-41
84
73
-55
98
78
-66
-61
49
68
-32
-64
-16
65
5
53
-54
98
80
-38
-99
60
-86
50
70
23
-68
-92
-66
11
-67
36
3
74
56
75
-76
72
-100
-40
54
-84
-98
38
95
17
66
-100
31
-5
28
32
7
90
35
84
58
-18
-65
-18
-49
-69
-90
85
59
72
69
-38
-80
24
89
85
12
55
2
50
56
-57
38
