34
2970
-91
-84
69
-41
58
17
-25
92
5
-61
-83
75
85
15
3
-42
-85
4
-67
81
-57
-36
-75
83
-26
-100
-90
-81
-82
58
52
14
75
39
20
83
67
93
59
50
38
61
-56
56
-36
-37
27
75
-95
36
60
96
31
-70
-59
-19
-60
64
-33
26
-11
14
-15
-90
39
-35
-80
58
31
-38
-4
-51
-47
-46
-57
59
-41
-72
77
-24
83
-82
71
20
-83
14
-82
92
96
5
-86
20
19
66
63
93
96
51
51
-13
37
-11
-16
-45
66
-17
40
-69
77
98
15
72
-51
12
-66
-74
61
-42
79
88
-19
13
-3
-96
-5
34
-78
82
50
77
0
95
15
6
-1
74
-56
24
24
-4
-46
-79
-52
5
75
83
-72
10
-27
77
58
86
78
16
79
53
-58
-57
63
-31
45
83
72
27
42
89
-15
31
27
-30
51
63
96
41
75
-59
-37
-99
-58
98
61
12
-71
15
71
77
55
92
79
-59
-48
-37
-50
82
54
-53
81
11
-43
96
69
97
22
50
74
-80
90
-89
78
-27
-3
47
13
-97
55
-85
-81
-3
-21
14
-7
-71
-21
-39
-87
2
86
73
-68
-76
-26
-1
-100
-20
-22
-73
60
-45
-17
52
1
12
-41
22
84
-4
88
31
19
-63
97
22
14
87
20
96
-25
-80
61
48
-91
69
-78
-17
43
-43
10
16
-27
91
-71
39
16
-48
-82
-21
0
-56
9
-13
27
-29
-64
-35
-30
-22
-65
24
31
95
41
51
60
-35
-95
-65
-14
-7
8
-97
-92
23
-65
-47
-14
-93
79
81
-41
-56
48
-95
33
-75
91
-5
-14
-2
-90
-50
-81
89
74
49
6
70
-66
-48
-78
51
82
-72
-82
-3
-49
-97
69
-57
-27
-100
-4
-41
15
-7
-45
-100
-83
0
41
82
57
-5
-9
-69
-47
74
-81
52
-62
9
-57
-27
-42
44
5
-86
-61
-12
33
81
74
-38
60
-24
-80
30
-29
-11
-23
50
-83
-32
-24
0
73
-94
-60
-86
78
23
-49
17
-28
12
-53
-72
55
-30
-89
-70
67
-48
49
-46
22
-95
51
-38
-19
58
83
-25
7
60
61
49
94
76
94
19
67
32
-62
-12
95
61
-20
18
1
-1
3
57
-13
54
20
91
-47
-67
-35
-1
90
65
-28
-76
-98
80
96
-14
46
88
-37
-84
-51
94
19
-66
-50
89
-3
-1
-19
97
59
-34
-45
-78
-27
-74
-50
24
-41
-97
26
81
98
-66
-74
-97
68
26
-76
12
35
16
47
38
73
-27
42
75
32
-7
76
87
72
-16
-47
-92
64
-61
47
-61
6
68
25
-67
-77
-81
-29
-95
-66
-11
-2
65
51
43
68
78
-82
74
11
37
65
65
8
-91
-90
48
80
-13
-27
70
-52
-77
-68
-2
13
72
-87
22
-50
30
-99
48
-34
-67
-23
69
-87
39
43
-63
12
-64
-4
-41
6
-38
-55
-79
-61
-92
-22
78
-63
77
-79
-44
65
81
35
-7
-1
-100
22
46
-26
93
-15
-28
-42
-29
-35
-86
68
-56
-100
99
63
-34
-63
24
3
-50
0
47
-13
15
-14
61
-67
8
68
34
-87
32
85
-73
-27
31
-36
15
-45
-81
-75
52
-96
-49
-65
39
-64
-41
-38
-97
52
-86
84
61
87
5
-41
22
95
59
37
-9
-50
38
-86
-4
28
11
38
36
38
62
-38
-46
-20
-10
-60
-69
-49
-36
-62
-11
-89
15
34
80
41
-89
-59
80
91
3
74
91
19
75
98
88
-14
-10
-86
-85
-79
81
15
-97
-13
11
16
-29
67
-53
3
-47
-77
-63
52
47
67
-58
-43
-49
43
27
51
53
46
0
54
49
-79
85
-93
-95
8
8
-98
37
66
-39
-57
-12
-33
-98
9
12
76
-20
-59
78
-58
-82
21
-97
-18
-13
-93
-45
36
-82
-83
69
94
94
-69
-54
-87
85
-5
90
60
-60
37
46
6
-40
-79
81
39
84
15
-5
-19
-49
-79
-42
94
53
40
21
-42
72
-77
-19
-13
-88
-87
7
-71
42
48
-99
59
-72
81
-5
53
42
-92
24
-100
-57
86
52
45
64
87
-54
-56
25
-37
11
-21
12
-16
-56
12
-75
-89
3
38
-43
-29
-14
-64
-3
92
-32
-36
-100
-65
71
-49
48
-25
-92
0
37
-63
46
82
79
-72
-54
-11
-78
-9
-53
-73
-27
-50
-32
-21
-31
38
85
-80
49
-68
-25
6
-30
-19
-40
-4
26
-17
-27
-43
79
15
0
-58
12
54
-32
24
-45
45
-80
-36
72
21
-24
25
-60
-39
79
-57
24
-17
-69
-67
62
-19
14
-87
-13
2
71
59
76
7
2
-74
-70
-7
-77
20
68
51
76
-52
-81
96
-55
53
-60
62
39
9
-59
54
-64
57
99
59
30
-27
40
31
-56
-13
-2
92
60
13
12
49
71
-13
21
-86
-27
45
20
45
45
58
13
22
-42
-87
73
70
-79
92
-100
30
76
-76
-70
-15
-29
-5
13
-24
-86
-60
-4
-57
70
-48
-22
59
8
58
85
11
59
45
-16
57
80
-76
22
38
50
-42
26
95
13
52
48
-55
33
-48
13
38
52
-55
26
90
95
-42
-31
10
-70
-13
-76
91
59
96
-11
-17
53
89
37
47
39
-83
-51
49
42
91
-88
20
-42
-18
-50
-81
-14
9
-84
23
-72
-89
5
-21
40
-64
95
-96
77
88
59
-42
-67
64
-5
-59
68
68
-81
37
73
62
25
-37
78
81
-91
-30
77
56
59
80
-67
9
5
54
-31
-83
98
87
26
52
76
-55
42
3
-88
36
-20
88
-95
-2
98
1
-69
56
-20
-34
80
-94
44
76
-6
51
-18
-63
63
-24
-27
37
-72
46
-93
-26
70
94
37
50
55
-17
96
-60
-67
13
-86
-98
-82
-56
-19
33
32
-85
74
-25
-81
80
57
-35
-81
-71
62
-78
85
32
79
83
82
-60
50
-23
-15
-35
-88
59
-11
15
-84
96
-5
-83
32
-86
-14
-20
75
1
-27
-51
-5
63
98
54
2
44
49
-13
4
-15
-94
-33
92
97
75
39
-16
91
-30
-86
77
-35
-38
-49
-86
38
-77
-14
15
12
40
-41
-3
-68
0
-41
-46
20
90
-17
-84
23
-85
47
-96
-84
-61
-31
37
-49
-27
-23
-56
-98
49
42
-9
-38
-15
62
98
-83
65
-72
-67
-96
67
77
-5
35
-43
61
-80
57
95
90
94
-94
-45
65
47
22
3
-58
99
-54
11
68
-22
-42
32
-95
-4
-73
-22
27
-49
-8
-56
-56
-38
70
-58
10
-12
70
-76
-85
-9
-44
79
44
-30
-6
-85
-92
44
99
55
33
66
-83
60
-85
59
1
-47
77
32
-49
37
32
71
-27
-14
53
-71
-2
66
57
71
-51
-44
3
-82
-16
59
-11
2
54
23
89
-67
-36
-95
-61
88
-92
-21
34
43
-98
62
81
-53
33
79
-31
79
99
-39
-74
-86
-80
-66
53
40
-29
-18
8
-43
99
9
-25
-58
98
-26
81
55
-5
77
28
-70
0
1
11
56
94
26
-37
54
18
-49
-92
71
82
10
27
30
48
78
99
-95
28
43
16
22
-81
59
-77
26
86
-14
85
16
66
6
96
-17
8
74
-74
44
-79
-20
60
-60
-56
-89
-10
-6
14
79
-69
-68
-7
89
-97
48
53
-35
85
75
-2
19
-20
-43
68
33
-66
-3
86
36
0
-27
-32
-60
91
91
-41
26
49
62
-63
-43
-88
91
87
-71
-30
39
-79
37
-17
15
6
6
80
14
60
38
-89
45
95
55
82
80
-19
73
-94
-37
87
-40
90
-80
86
-60
97
59
45
59
-99
3
-14
45
-57
46
94
-36
-24
-53
26
-34
72
-78
-97
8
-4
-86
-12
-36
-5
25
9
4
-62
-39
-21
-37
41
49
10
-96
55
-38
20
-24
47
99
-56
-70
52
79
54
-39
-24
28
9
-41
-51
-83
-67
73
14
-12
92
63
-87
37
3
-96
-11
49
-30
-61
20
23
32
61
61
78
-45
14
-88
-60
-62
-76
-11
-75
87
-80
-22
46
-68
-34
-2
85
25
81
79
-94
52
-58
2
-24
48
35
-63
73
-83
-66
2
96
10
0
-73
22
0
-65
-61
-47
-42
-27
-80
25
-64
27
89
-70
80
-25
-87
-51
-21
20
-96
11
40
-4
6
-86
22
-92
-40
-35
97
-78
68
-16
16
-84
53
-73
43
55
-44
75
62
-67
-30
-40
-45
-29
-30
34
-78
-81
88
-29
-86
-34
11
-14
-56
37
86
-15
-48
-33
-71
63
29
-13
-44
-42
-65
84
58
-34
-31
-4
15
-86
28
-69
39
57
71
-73
-63
63
-73
-14
-49
18
-77
6
-55
-18
87
87
-20
-18
-66
-58
-31
98
-35
55
84
-66
50
-96
-86
-10
61
13
-41
96
27
-48
-28
-15
-44
60
-34
-73
8
-61
-43
-80
60
5
-16
-18
-44
-26
-51
-70
79
-68
-90
19
-4
48
-70
-95
70
-18
31
-25
86
30
97
-73
-5
50
81
61
-15
-13
-96
18
-29
-53
24
23
-29
84
40
47
-2
-56
-86
85
42
68
-68
31
-56
0
67
48
13
59
70
-29
-91
-70
28
-96
-20
3
91
-80
14
64
71
7
4
-1
76
76
-75
-71
16
-76
-55
89
-82
13
35
18
37
99
-23
9
95
-69
-25
-76
-56
86
-22
15
30
-41
42
2
59
-90
-37
65
-60
-65
-31
-55
-74
73
62
-11
-85
-80
26
66
-10
-90
-83
10
-57
-32
73
-30
-32
58
40
-51
7
-81
35
53
-76
98
-79
51
-58
73
69
-82
9
-46
29
-10
-94
-93
32
-36
-40
-39
46
-49
57
-93
-56
18
-30
33
-48
29
42
-43
2
-76
52
-13
-26
76
39
52
87
5
39
80
48
19
-77
-12
36
91
52
-20
71
-10
28
77
8
49
92
94
81
88
-93
55
59
37
47
97
-97
48
-2
-34
-85
46
-50
32
75
19
-92
-96
-89
-65
-72
-91
-17
-71
-70
86
-65
71
49
6
11
18
-65
-91
-65
-8
-68
17
33
27
78
55
-73
-68
-81
0
-62
49
92
-50
-65
-7
49
33
99
-24
41
38
1
90
13
-4
87
11
-31
68
65
-15
-48
16
16
30
58
30
60
3
54
65
43
5
63
-10
-36
-11
5
30
5
15
38
46
6
38
38
55
4
-63
-11
36
-26
-14
31
36
-30
-67
20
38
-59
-89
-16
57
2
34
45
-63
-33
-91
32
-83
-50
-80
64
-83
-59
-14
-66
76
-10
-96
81
-98
-74
57
73
-85
76
-21
14
98
52
-79
-13
86
5
54
-10
62
62
58
-10
60
37
73
-6
-49
-87
-71
81
-28
-64
-27
-78
53
78
85
-87
77
-22
-22
-60
-68
-22
-89
73
83
8
27
-49
-81
-51
-12
52
41
81
56
-92
71
79
-93
-70
-2
-27
59
34
60
33
87
33
-88
-81
-27
20
33
77
-1
15
-79
71
-17
35
-49
-17
-31
-77
55
-66
-76
3
-60
-76
-85
-94
-72
-9
-30
-26
15
-94
6
81
-58
52
82
34
-53
-60
-30
56
1
-90
15
-62
18
-75
96
10
-36
-53
21
9
20
-87
36
70
47
-17
-7
-90
86
-76
2
-89
-1
-48
39
84
46
-81
-26
-64
-85
11
48
33
-36
16
-12
83
-26
82
37
-79
13
19
-47
-11
-88
-82
14
0
-98
-23
89
13
-25
61
-94
19
8
42
74
-3
5
-35
-6
74
61
-68
95
82
77
-76
69
63
41
32
-54
43
-8
-10
7
-40
58
10
-61
-84
58
-41
80
44
-38
-60
-10
-40
-14
48
92
38
65
69
-50
-54
53
-86
3
96
49
45
58
-52
2
-50
-52
-95
98
8
-65
-51
48
75
90
58
-74
-74
-51
-66
76
-23
-71
57
32
20
67
-82
34
24
-79
-33
-53
14
33
2
69
95
-91
12
52
88
6
-85
-10
20
76
52
-92
-92
-78
15
83
-20
-61
60
94
-13
9
-80
27
47
52
-21
-17
94
32
30
81
39
-48
43
15
-55
-7
28
92
-79
13
-62
76
99
27
-24
39
40
-35
-71
28
32
-52
96
-50
-13
36
51
62
-7
-51
-61
-57
-41
71
0
-54
-48
-84
-71
-87
38
-18
77
-15
59
21
-78
42
-21
75
-53
-31
51
39
-61
-12
47
59
-58
-42
13
-3
-73
-94
27
49
-77
-57
-50
-81
33
-6
-64
-50
88
-5
62
90
-74
-33
-18
-18
22
15
-71
97
16
55
-54
29
-17
38
-57
10
-25
-4
-89
-48
-1
-22
-39
-12
22
-13
-66
56
-66
90
60
45
-71
-67
44
81
47
-76
88
34
63
41
-15
71
77
-29
48
-2
12
-66
15
-24
13
68
89
74
92
71
-48
24
-29
-50
20
79
78
-84
-49
36
-19
-37
-15
43
18
10
-20
63
-21
24
-62
-43
20
-64
-52
-77
52
23
-28
28
26
-34
-96
1
-60
-11
61
26
-78
-37
-16
77
25
52
-3
76
61
-8
57
9
35
69
65
-10
-28
-21
34
47
-21
86
-81
-77
17
84
82
95
-5
-16
-58
34
-79
-1
-58
0
-76
2
55
96
75
6
-45
28
8
22
-10
-93
91
-19
58
-52
-50
23
18
-50
83
-11
36
62
-48
64
10
84
43
-94
4
-52
-74
-26
-1
-100
-12
-62
57
66
97
98
33
-85
-60
79
-91
-58
-36
-38
51
82
-43
90
26
-83
-68
-7
-80
-82
7
-74
-43
55
-91
-68
-16
72
69
64
-35
-53
39
-69
-4
53
-2
21
71
22
92
22
-42
26
42
61
-71
89
60
19
-59
8
-86
-35
48
-86
83
-8
62
36
-52
27
-62
47
65
-68
25
-64
86
48
-91
-12
-75
-91
-6
12
35
48
42
35
-12
-72
-62
32
14
-54
-55
70
22
-47
83
-39
-52
96
-24
44
-16
41
-1
-5
-12
72
-76
-30
-12
26
21
-92
14
83
4
-31
-86
-15
-94
-25
-58
32
89
84
-17
35
-49
-53
-79
-99
-42
62
56
-75
-24
56
-70
88
-63
44
69
22
-15
42
31
91
58
-32
-26
-61
-14
28
22
13
45
-94
68
37
33
59
-7
-10
-15
40
-75
-1
-15
-58
74
46
-40
-67
63
-85
88
-47
9
12
-13
-63
17
84
-59
-77
-11
-43
-5
17
-29
-38
78
58
-48
12
13
78
22
-49
36
-17
20
-92
57
-62
-3
11
85
35
66
-63
81
-35
94
15
-13
34
-31
37
-60
-88
31
87
84
10
44
52
-92
41
25
-36
-69
-1
54
56
-75
64
-68
38
65
-23
6
-26
52
-36
-51
98
-34
97
-18
-60
90
-2
-13
83
-6
-63
-2
26
36
83
-84
55
-15
5
86
-13
-72
-33
-80
66
-73
-67
-32
73
-6
-58
-38
44
-23
75
-55
7
81
14
-98
-89
-7
-82
-19
-43
-70
80
-65
54
9
46
55
66
68
-31
71
-9
69
-4
9
42
52
-85
98
62
84
-3
0
12
95
-94
66
-31
-18
-62
-91
-55
49
-86
-63
24
-35
-63
76
79
-79
-21
35
-13
-100
10
-36
-45
79
34
-50
-96
-66
-71
-46
-92
94
71
-87
78
-37
-58
30
-98
-29
53
-46
38
-58
78
86
-13
31
-65
49
16
-66
-61
-93
44
-1
95
36
60
-59
-70
-54
64
-56
-84
-74
25
-50
95
-46
-63
92
70
98
57
54
47
-6
54
42
-39
-24
-91
-9
35
-77
-91
-78
-94
-44
-81
52
20
25
63
76
-33
51
-67
92
-61
-14
-72
-59
65
92
-33
-97
-93
-22
55
-91
-55
11
70
-59
36
22
