-33
1870
42
-52
63
58
-59
-11
89
17
0
-25
-46
33
-80
-94
-68
43
57
-10
-24
-66
-84
64
-10
10
-95
-6
-96
42
86
-94
-22
-83
-66
-22
23
-20
-45
-12
-40
65
82
33
-70
-49
32
-2
-47
3
-84
-98
65
-48
95
-14
17
30
99
57
48
-58
-23
-40
-65
-60
94
-22
-55
-14
-52
61
-24
-51
87
40
-56
-58
-46
-68
50
49
-16
83
34
76
89
-36
-8
-34
-94
95
21
41
16
-86
-59
-24
-49
-22
-18
47
8
-30
-31
-12
39
-21
94
-54
65
65
57
-45
77
98
8
27
-86
-72
10
62
-15
-36
54
-85
-73
36
29
13
-7
-15
78
-45
-85
-48
-38
6
-84
-6
96
-58
-29
-7
14
-27
77
75
-60
44
-31
67
10
-57
92
75
-19
-50
36
70
10
-44
-41
7
-35
-10
-2
-65
-77
99
8
16
-73
99
-21
83
62
-77
73
52
5
-90
87
-52
-65
-3
9
80
-7
-6
-14
-95
-33
-24
-32
-99
-15
-96
18
-59
-65
-42
-13
8
-39
-29
-75
-70
-9
-48
89
15
18
-37
24
53
-93
-75
-63
-16
80
5
-54
51
33
-100
-28
86
53
80
-14
-62
73
8
34
18
44
-75
-13
-78
-65
25
-28
52
38
-72
9
-91
-80
-55
3
72
-73
2
-25
-76
54
59
-55
-58
26
-84
-83
-19
-23
48
96
45
15
38
42
-88
78
-86
-3
80
-66
-81
23
63
-51
-74
13
-77
74
-24
10
-31
26
-87
43
-100
48
21
93
72
31
-52
-87
-69
49
27
58
-33
-53
-19
58
-86
-33
-92
-94
-19
-22
-65
-63
-26
-88
-100
-77
53
-81
69
63
-12
4
57
87
-25
94
70
42
-65
23
-39
-69
38
-58
-18
-25
96
-61
48
82
23
99
-82
3
27
36
92
-79
68
-52
-81
-99
17
58
17
45
-76
62
-79
-6
-21
-60
85
-71
70
59
-22
11
-33
-71
30
53
-2
49
-100
-86
48
19
-73
-67
-24
29
-14
45
0
-66
-68
-39
96
68
87
-44
-53
70
-74
78
-4
40
27
4
14
47
2
-94
-16
-95
-49
95
-22
-72
-76
86
62
-41
-15
-38
-81
56
-43
-7
-99
-18
-44
26
63
46
13
-33
-49
95
62
-54
-95
98
51
-74
-28
97
-35
-100
16
66
-49
-13
-70
-62
-83
-57
-17
-21
-46
-33
72
21
-97
3
29
87
-93
-35
23
46
-81
20
-17
99
-57
-1
55
79
-37
-81
64
73
-40
84
46
87
-2
-80
-69
19
-36
38
48
-1
15
58
-71
51
-62
41
84
-58
-24
52
8
62
-67
51
64
-74
45
3
-50
-2
-53
-78
-70
-97
-84
15
80
-1
45
-1
66
51
-61
16
-1
-32
-5
-10
87
55
-79
-17
96
61
-56
-3
29
17
-15
94
-94
-93
54
88
57
29
5
64
55
-21
37
75
24
-71
54
81
-26
43
56
-1
62
59
37
-86
-32
21
17
-1
16
-95
-63
91
43
-45
72
-38
26
-90
12
-66
-72
-3
24
-53
36
53
11
44
76
57
4
4
80
-26
-7
-85
7
-44
-81
-20
57
-63
45
-84
65
77
-32
29
-39
-25
-25
55
-14
61
-3
-78
22
-59
34
81
5
-88
57
-12
14
-44
24
84
-40
-85
46
-74
42
91
-88
32
23
-52
-95
65
-89
-81
97
82
-87
-46
-40
76
-24
12
59
-58
24
-61
45
91
7
-6
-62
27
23
-91
46
21
45
-95
30
-14
-46
14
26
7
45
21
87
43
28
42
-49
32
28
-71
-78
-78
44
-31
77
55
-16
85
43
67
-49
-22
-41
-96
63
16
-94
48
-52
75
93
83
-57
58
-90
27
-42
89
-4
-79
-27
-87
-39
27
93
44
-55
6
-91
90
84
-41
87
-69
96
-96
80
34
97
-6
90
-94
4
-37
54
-45
39
96
-72
43
-67
68
-69
94
-27
13
-87
-47
-57
-35
25
-49
10
-48
-15
8
71
53
44
19
-62
92
-67
84
-30
21
31
-72
-13
49
-64
59
-55
20
-35
-51
-67
-83
-41
-31
-78
-91
-80
8
50
-37
-62
55
-49
-61
-74
-80
42
-60
-22
-77
62
63
62
-93
1
50
-12
-83
-58
-62
93
-51
-63
29
11
-80
6
-36
74
54
-35
39
91
-94
-58
77
-76
40
35
-92
67
-84
-54
56
-10
-88
29
51
70
39
-39
-68
-20
-92
-35
-74
92
98
-55
-56
-55
62
51
68
94
62
71
47
28
-85
-5
45
89
-21
51
31
-61
37
-20
71
-92
79
-70
-20
-5
7
-61
-54
-98
45
64
-23
-23
-83
-77
38
92
52
-53
-10
-4
73
18
62
-88
-71
-87
-11
-36
-81
45
45
-45
-75
37
-73
78
-98
-5
41
2
-88
-66
-92
48
-58
-5
-4
69
-33
-15
-54
-52
54
-16
-3
-16
-73
-96
32
-32
-10
-30
49
40
14
12
48
-70
80
-99
9
-78
20
6
-10
-56
99
-76
-71
73
-60
11
33
30
83
4
-85
-60
-17
75
18
-58
-49
-33
-20
-70
93
-68
0
44
-36
-75
-29
-58
41
97
25
-70
81
79
35
78
-52
72
-62
95
-49
9
-50
13
-39
-97
68
-82
17
-94
-5
-33
-77
-19
-72
70
-28
55
-82
90
-72
-36
-33
15
-24
30
-45
-93
-25
98
3
-61
30
96
56
-55
-65
-5
93
-90
85
-17
2
43
93
-5
59
-86
-53
-43
22
-3
78
-4
1
-82
5
70
12
48
4
-37
88
-87
-74
-15
33
59
-52
-47
86
48
-69
-60
-15
-75
-60
-52
-94
79
73
57
-88
85
25
-87
1
-8
0
-52
-88
28
-42
-59
-9
-54
19
-24
-10
-91
3
-3
82
29
45
-60
76
63
-37
46
-43
30
-93
39
2
45
14
93
10
-40
81
71
22
50
28
98
-67
26
33
42
-54
-75
-74
-89
37
39
51
-29
38
-40
78
41
35
84
77
53
72
-40
34
64
-43
0
-22
84
75
63
25
40
-81
-13
-51
-93
-1
31
-95
-77
63
82
99
-11
-86
68
62
-90
1
-20
36
-72
30
-90
48
-83
-76
61
-65
34
-21
-66
-48
-83
48
-23
90
81
-74
16
5
-97
-47
-63
-54
28
5
-8
-76
-78
60
-40
-50
-82
-28
-86
-78
-78
61
-41
47
11
49
43
65
-74
87
-73
51
-44
23
68
-65
-41
22
-33
56
-90
97
-12
-70
19
-35
-79
-26
-22
12
61
-43
-84
-94
32
-71
-34
-67
-62
-47
70
-27
-36
55
-50
-15
-80
-9
26
99
55
-81
29
-34
-30
-30
-100
-63
-99
0
-49
-25
84
44
65
-77
95
-9
54
57
-35
92
-51
-91
38
80
77
-82
-65
-18
-96
47
-83
12
53
84
-67
-13
85
-91
80
78
-6
-79
40
43
-27
31
-83
0
97
-85
26
61
10
-69
34
-27
32
-17
-78
-62
70
53
54
80
6
31
24
63
-98
-50
26
-57
-75
37
50
21
4
-46
28
-96
-38
56
43
-47
-66
2
64
-20
98
78
54
-92
-26
-89
46
28
54
48
-55
-85
89
84
39
97
49
1
-57
-53
-87
20
62
58
42
-66
27
-22
10
87
-77
46
78
46
82
-16
14
-78
-21
27
23
-79
-59
73
-45
-48
87
-38
-22
81
13
-5
55
-3
-67
94
58
56
58
-64
25
14
14
51
-93
-95
59
41
25
-71
-3
-65
-99
20
8
59
-43
88
-10
-27
-98
71
61
33
-47
-20
-60
-77
-22
90
41
55
43
27
-95
85
-96
8
-90
10
-10
-76
-35
64
16
-33
-77
-87
71
-25
74
40
-65
-35
-29
-20
82
37
63
-43
19
-36
9
-33
-84
90
-45
16
-57
-38
-93
-87
5
68
94
77
71
-32
27
93
51
39
-10
-62
-65
-30
83
30
54
-98
-51
54
-40
7
56
89
10
-36
37
99
55
-27
0
-64
15
7
16
56
-25
6
87
54
37
-63
17
-12
10
22
66
-8
27
22
-88
77
-44
0
67
-85
59
-81
-71
-69
66
-83
67
-45
-60
19
-78
-41
-76
11
-91
35
-3
-85
87
5
74
52
-19
-13
93
95
-99
59
-79
53
52
8
56
-26
-5
-43
-25
17
50
-57
-71
-8
-10
80
73
-60
-26
-85
-61
-71
-14
7
-21
60
-48
43
9
12
51
-50
80
56
-12
-100
89
-66
-10
9
-1
-87
-97
-32
-54
50
97
-83
91
-77
-95
-89
93
1
95
-18
97
-15
-98
-29
-53
65
-23
-65
31
72
20
18
24
38
-93
-28
40
74
37
7
65
-76
94
22
-59
-8
45
-97
-49
19
-32
15
39
31
-12
3
-16
78
-98
-53
-59
-48
-67
32
23
-36
-55
-67
60
-90
-39
-55
90
25
51
63
30
28
25
63
-46
22
30
-72
33
16
78
66
-11
18
54
51
24
30
-84
32
94
47
49
-66
76
-38
67
-62
31
-72
93
98
35
39
50
-25
-98
-27
-72
-69
29
-31
89
-38
55
-97
59
-89
-52
46
12
85
-48
-81
-99
49
53
-42
-91
-84
-82
-90
-13
70
-10
-38
44
78
-25
-88
-3
-8
-48
-84
50
-89
-18
-15
-40
21
26
78
-12
-28
-83
-18
87
-26
-14
-3
29
22
-53
98
90
-67
88
-22
-81
85
29
70
-38
-90
9
36
-44
-66
-98
-15
-16
84
-16
-81
62
-28
39
0
-36
85
-70
-53
-94
89
-42
-73
-27
-70
-3
53
-78
43
-39
45
52
-100
57
-65
-17
69
-3
99
-84
8
-86
-61
-18
91
79
-56
-17
-42
-88
32
-21
47
1
28
42
-37
-86
86
-19
26
-66
60
-97
-70
-45
-5
-59
-78
-69
23
27
73
9
-22
98
29
65
59
81
69
26
59
95
46
-50
68
-28
-89
-36
42
-50
-75
-21
34
-71
56
-69
15
30
-30
-66
30
-56
11
