-72
2754
68
81
-71
-29
22
-64
73
-4
-1
56
-22
98
72
67
97
77
-16
-83
62
0
53
-87
-9
75
18
-12
-80
-95
-37
-43
69
-69
-55
92
60
-29
21
-61
87
32
32
-63
97
-15
69
28
-35
18
27
-89
96
-47
-29
17
60
97
70
23
59
-37
-27
77
57
-23
-98
7
-96
-86
-20
10
81
65
-7
-60
-21
-74
50
26
-85
71
-23
71
42
-47
-28
80
66
6
63
44
24
25
31
96
39
40
59
-13
70
-67
-44
-56
-4
49
-12
-15
46
-36
28
22
-54
-24
4
-67
77
-83
-93
63
51
33
43
-1
12
-12
-22
-1
11
-92
-94
39
67
-15
28
12
-28
-62
-82
-2
-62
-60
40
-10
40
-77
72
2
97
59
2
-9
-32
-57
75
65
-80
67
89
39
-39
-61
-40
48
-39
-70
-63
-58
-10
27
12
-51
-73
-7
-39
-95
94
21
2
93
34
-93
30
-54
42
-62
-13
-71
77
88
78
48
-37
9
60
45
23
-23
-70
-20
13
-85
-38
72
28
72
-88
-12
-62
-21
32
-70
36
-28
-75
29
98
-55
-49
48
30
-81
-23
98
26
84
85
-82
-57
13
66
-47
-47
56
14
-7
-42
-84
28
-87
45
40
-3
37
-50
-42
-18
-56
-69
-24
30
53
-68
-68
-82
-40
48
34
79
-63
-74
80
29
-39
60
72
68
12
77
-82
-21
-28
50
53
-22
9
-54
-78
-78
-90
-55
-79
8
25
84
30
-96
54
36
-77
-85
-55
-31
57
71
98
-76
-37
-73
-51
46
-48
-94
-16
35
80
-14
-18
-94
-53
50
12
-90
-47
-55
-24
-55
2
98
-55
-8
-95
32
-79
-89
48
42
35
-60
-85
-12
-64
15
89
27
4
64
53
-38
-39
-32
17
16
-61
-11
55
16
-40
90
-4
6
-23
-88
30
91
-51
-59
21
94
-18
-48
35
-91
69
-68
68
-64
-2
57
24
29
51
63
-41
17
41
-57
-41
-43
66
-78
-87
56
99
1
86
16
33
-46
-10
-18
87
-55
65
-36
83
72
39
-23
-9
34
-6
-12
1
-18
-39
14
-37
82
89
-94
24
7
16
-54
-13
-85
78
-1
72
-25
10
-2
27
93
-86
-74
-85
12
24
8
78
-52
-73
12
-34
89
47
-69
74
-80
66
-21
-11
-68
-50
-13
-63
61
56
-45
-20
82
-15
60
-45
9
-91
-24
53
49
23
65
94
-12
-79
-6
-69
45
-94
-23
7
1
30
45
21
-46
25
79
55
15
-11
49
-51
19
19
-45
32
52
47
-23
8
4
63
86
81
29
-44
-24
-46
-80
-44
81
81
-52
-95
5
-20
30
92
-14
47
-60
-32
72
-99
-72
-77
50
-86
39
-53
-79
80
28
9
-44
84
67
-13
50
-46
-81
15
-70
5
-56
22
-49
-16
97
94
-21
25
18
-30
-80
-27
-81
-9
-2
-33
-14
91
-83
-30
-67
-88
-23
-58
27
54
88
-8
47
-91
-81
-50
-88
1
57
-18
-62
-57
-74
35
26
-13
-45
-36
-62
71
-36
-84
-18
-72
-76
-63
-29
-52
81
-21
-87
12
85
46
-28
35
71
-43
83
21
-58
2
51
-72
21
-35
-80
-27
70
50
42
23
-88
56
7
-33
-24
-55
17
-25
1
61
-8
-54
-50
0
27
89
29
45
-24
-82
7
-44
47
-86
17
42
79
-88
-99
75
11
44
-97
-90
4
0
62
5
65
82
74
-52
76
-1
64
-66
-34
4
6
14
52
-50
-34
66
-35
-57
-78
-51
-22
-66
20
78
39
98
27
-99
56
50
97
83
-84
-86
76
-98
-4
9
-33
-70
36
-39
-87
-68
88
-15
-93
58
79
-50
51
29
91
-35
-89
11
-77
23
-24
67
92
-48
13
46
-78
75
52
-73
-82
92
12
87
-62
98
43
65
56
57
-22
-78
-44
-91
-65
0
-48
-9
-56
39
31
8
-64
-96
98
-20
59
34
-57
-84
-56
63
1
-16
-11
-39
59
-54
19
69
75
61
49
-11
-51
7
99
77
-56
20
67
-28
61
43
78
53
-33
21
-100
-72
-99
-40
-43
40
-64
31
-29
27
-3
-82
36
58
26
50
-32
84
62
33
57
41
-7
6
-52
-23
54
43
-56
-84
7
-80
10
-3
-33
-46
75
-96
-13
-74
-53
78
27
-24
-44
-91
5
-24
4
96
65
66
20
-28
-36
-39
86
29
-93
-78
-5
-35
72
83
39
-82
0
17
-88
-81
82
32
-89
6
92
85
-57
-51
-90
-99
-76
-21
81
31
-80
-79
87
-73
-45
-32
-56
84
30
-71
68
0
71
-44
-54
43
4
-92
4
49
-84
13
64
-21
6
-29
63
-100
-100
97
-25
8
-100
-84
66
-46
-29
55
-84
-59
20
82
-35
-46
-34
71
95
70
42
66
6
-71
-3
-42
-1
-86
-12
3
-34
13
-41
6
28
-59
-16
-58
-35
-55
-73
-72
-81
83
-34
-25
87
43
-80
-27
72
48
4
71
34
-67
15
71
-97
84
98
-67
32
-30
28
-30
-41
0
55
-81
82
63
15
-12
70
-26
-44
-58
-76
-67
-13
-31
80
-66
86
79
72
-67
98
-29
-19
26
21
-46
21
-13
-38
93
94
32
-90
2
96
81
-80
43
42
87
69
25
-65
-52
-20
-77
-72
-22
54
0
29
36
-19
-78
-43
-62
-46
-69
-5
-43
-22
-52
16
19
30
-96
98
-32
-96
67
-35
23
-7
-59
-71
34
-68
19
20
-31
49
75
-25
24
32
-16
-74
97
47
70
-6
80
-46
96
95
69
-55
-51
-63
-36
-16
-42
-31
43
-75
-42
-8
-8
66
-23
35
-43
-24
91
-14
91
40
-42
94
64
74
-24
67
24
89
4
56
-33
6
55
-81
66
-73
9
-63
-77
-15
25
-42
-26
21
74
-14
81
7
83
53
11
17
-26
-29
-90
7
35
-29
-62
-52
-19
-56
-31
56
44
-52
-24
-12
-37
82
36
82
-45
63
-84
27
-77
-52
28
-33
2
-11
-40
36
-40
-8
-55
92
18
99
75
91
-29
-5
-100
65
86
-90
-1
-67
-20
17
-93
-63
25
88
10
80
-20
71
84
64
-54
-99
-35
-32
-26
-57
-93
-34
47
24
11
-78
-72
-89
-69
-58
39
-17
-13
-80
-20
-44
61
-34
-5
58
-45
44
-41
-45
-42
80
-15
83
63
-20
-39
-81
-70
82
-1
83
43
-52
-43
-81
-59
51
-64
9
31
73
59
-70
-65
95
74
56
-60
4
20
-65
54
-14
83
73
-5
64
79
-69
-53
-47
-75
31
-60
-48
-41
-30
85
5
79
-88
-90
94
-71
-72
95
-37
17
-79
-68
87
10
-19
-36
19
83
47
4
37
-28
84
-43
67
21
-20
63
-95
62
13
-51
-71
-53
-34
-26
88
-22
80
-21
-43
14
97
49
70
51
-9
-7
66
88
-25
-28
48
-45
64
13
-86
80
-66
38
84
48
51
57
77
49
-95
73
87
-51
-91
99
86
-27
-68
-86
-8
15
-32
32
-49
-79
67
4
-83
72
28
-1
-98
0
39
44
15
94
22
-89
-55
-80
-86
-1
66
43
-79
94
66
8
-44
65
31
95
41
74
69
-46
-41
27
15
-72
-45
-25
-33
96
-68
77
-68
-17
-1
-80
-99
-82
-79
-50
57
-29
47
-13
22
29
17
10
-74
-38
-69
79
40
-93
59
24
6
41
-53
78
-39
-44
31
61
-4
88
-72
61
5
63
-91
-79
-54
21
-55
-22
60
59
-18
60
-63
91
-37
24
-74
65
78
7
5
-22
-80
-56
0
41
31
7
55
-64
33
-71
-91
45
-55
47
92
-18
31
-55
-11
72
-50
-10
44
12
-93
-82
-10
-59
4
5
94
11
-95
-92
-85
-80
-82
-81
-25
-84
64
20
-85
-77
-28
-37
-45
31
-19
-60
-65
-64
0
61
47
-44
-6
-10
8
-19
77
80
-43
-36
26
-37
73
46
-56
-94
-89
-62
-71
87
-38
-76
-35
62
26
-25
27
-51
-36
68
41
29
92
4
-93
13
27
-56
25
-51
5
38
-3
11
94
-70
-16
-4
14
9
-56
58
-97
29
-95
-24
-63
31
-87
-2
-6
-43
-38
-18
-18
-78
82
4
-29
56
-83
8
64
-82
-26
18
-79
-71
-66
30
-74
97
75
9
-87
9
61
-19
7
-29
72
-39
-20
21
36
46
-12
55
25
44
-46
84
10
56
48
12
-6
14
11
-5
29
29
-38
94
2
-35
67
-30
41
-17
-38
-72
-56
-90
19
95
3
13
-74
-39
-37
-18
-84
58
63
-35
-34
-63
-92
-68
75
-17
-33
-17
-67
-27
67
21
49
19
-96
-38
-39
-58
6
-9
-79
-50
54
-66
-37
25
56
43
-20
-72
-38
-77
-26
78
-52
98
65
99
-81
9
31
-20
-99
83
-90
85
49
37
-61
-18
87
91
43
-84
-50
25
-28
21
84
81
-36
-41
-66
-81
-48
74
50
56
-95
89
94
-83
-2
-56
4
-7
-54
-90
-34
-63
61
-90
11
94
62
42
-38
67
-5
-90
-34
20
0
33
80
51
10
-2
-36
-96
6
67
39
-46
15
-46
-38
-61
-19
18
59
-29
74
-1
75
-37
25
30
-39
75
-86
3
-53
-61
95
10
84
-51
-9
-83
10
-90
-65
47
18
94
-97
52
27
80
63
30
18
-100
68
-5
16
-84
65
-38
43
-1
-21
95
-42
59
31
62
12
-78
11
48
14
12
-1
68
-88
95
-69
68
-96
-11
42
-73
-52
94
-26
99
-8
-38
-26
54
-68
-14
38
-86
37
20
32
33
-46
-78
-82
65
-83
81
-29
71
72
-77
38
41
-8
-84
-79
-65
79
12
-36
30
-63
-86
83
-31
-30
46
52
69
91
77
27
76
68
11
-36
7
-44
40
35
-84
-23
53
13
99
82
14
91
68
34
-47
-32
9
-70
-90
60
-92
23
-1
52
72
-87
-15
-59
-99
-86
-68
-37
-73
-78
-58
-33
-68
42
55
54
-99
-93
1
46
-41
-32
-93
52
67
96
47
-92
-77
16
-22
25
63
-95
-81
25
14
25
-44
-82
23
-19
23
36
33
-20
-100
12
-38
13
33
91
66
-21
-100
33
9
56
36
96
79
72
-91
56
-26
-73
-9
-24
60
-54
-22
28
-28
81
52
38
-35
77
89
-44
-64
55
11
38
-54
21
16
-88
-77
-7
27
-77
62
33
64
-78
-22
85
38
11
-9
-45
-20
62
9
-95
94
76
-4
-68
87
55
35
49
-87
-35
71
25
80
-83
93
1
62
63
-93
-88
-96
-72
-23
71
-93
98
-64
19
75
25
81
8
-25
17
-67
12
7
41
23
2
-97
-25
20
-62
-82
8
-88
-1
-88
58
19
84
96
-15
19
-57
-21
40
-91
-86
79
-92
54
-82
-77
56
-46
32
-24
-87
-22
-3
90
-8
74
80
67
22
-69
-65
-47
65
16
-85
65
59
-100
-54
70
51
51
-80
10
1
40
16
4
58
-51
-27
82
-33
98
60
45
-1
97
23
-69
-14
-51
74
-13
-12
36
52
39
-80
-100
-56
-86
-34
37
79
-35
60
40
-60
-79
21
-82
77
-9
-20
53
-41
-79
38
-98
49
33
84
-56
92
-90
-43
94
-85
49
-92
-50
-45
-74
-72
29
97
9
6
-8
50
-98
1
-43
66
44
28
-37
63
58
84
32
93
-89
-79
-94
-38
-95
37
-17
21
-54
-93
37
-22
25
77
84
85
-15
-37
63
-32
-62
-4
-38
1
54
-20
94
-5
-12
-6
-100
84
-38
-41
76
95
-2
-54
83
17
64
13
-13
-68
-34
-3
-55
6
-100
-58
-64
20
-98
38
83
-42
19
87
-43
98
-48
-12
-65
74
-3
-77
-74
-26
-10
63
-23
-3
40
15
88
28
-96
43
-21
20
71
-74
-94
-25
-75
-23
89
-98
-58
81
-47
99
-80
17
39
21
-64
3
-70
-43
44
-38
28
91
69
49
-95
-59
-25
2
-82
-97
51
-77
-49
-54
53
29
-100
-65
60
-49
-34
-45
17
99
33
-100
26
86
-46
88
4
60
44
78
79
-89
-84
13
-77
-62
-16
19
-4
34
87
73
-11
62
-53
-80
-24
56
59
22
40
-76
-89
56
-43
4
40
-15
19
-70
-77
63
83
-100
-4
-73
63
66
15
15
14
-29
-30
73
6
-16
-2
-24
85
28
-73
7
-10
-94
-64
56
-9
-10
-77
-59
83
92
-8
-47
79
-16
-89
-8
52
-72
-50
-18
-72
-13
79
43
30
-93
17
-56
89
50
-93
24
-85
-75
-33
-99
39
-10
25
-48
-56
-85
72
43
26
-2
-16
61
7
-8
99
39
-31
-40
-18
97
-88
6
-92
26
59
40
54
13
73
68
52
53
3
-27
81
9
59
-45
76
-91
-55
-100
-68
97
-16
-1
-23
-92
-14
1
71
-24
-70
-93
-30
40
-23
17
23
-27
55
95
-42
36
76
-22
-76
10
63
-7
32
-53
71
-7
96
-35
38
-84
-32
3
25
39
21
-79
26
-72
89
-97
-89
-55
67
-54
-77
-62
-58
-88
-94
-26
9
20
87
-32
72
54
92
41
0
-84
5
-65
-49
22
95
-77
88
-22
-29
-67
74
-55
31
5
-92
-17
72
-98
-37
9
13
38
-63
32
-35
-11
-15
-98
19
-30
-27
-68
29
-52
-72
94
-6
36
-59
-84
74
-79
59
54
-1
70
54
0
51
-94
28
-34
-38
18
27
-9
-27
-39
1
-14
89
27
-5
-78
10
2
91
-47
-15
41
-25
-14
4
22
-31
49
0
-80
72
73
-72
8
-27
-66
27
-22
63
-27
-98
-6
36
45
-37
78
-53
-73
24
-77
55
-68
21
15
-91
9
82
92
-74
-80
-32
54
28
-61
-30
90
-87
8
-1
4
-25
89
-59
-12
20
64
-55
62
-72
10
82
-55
5
12
48
-32
80
23
36
-47
57
-47
86
-15
-10
12
-8
75
44
76
-80
-30
6
36
-63
28
23
-11
17
-97
-63
-55
-5
1
16
0
33
-17
26
-21
3
-94
48
-44
-92
27
-15
24
-38
-4
-20
83
55
36
9
-76
-55
-80
62
-77
47
-97
-1
-6
-42
-39
-52
-30
-40
64
49
49
69
-76
-90
61
54
61
1
-40
-60
-97
-49
29
-13
-17
-76
-69
81
-85
70
75
-50
-18
36
50
37
67
-32
-22
96
-30
89
-88
21
-21
-96
-7
44
-61
1
87
-92
-96
32
-93
-98
91
-99
24
-6
44
-10
35
-49
28
30
-31
34
-9
55
-40
-63
95
37
17
77
-75
88
25
89
3
-13
7
0
89
38
-89
49
-86
84
27
