-2
630
61
46
-95
-42
32
-77
64
94
-46
33
82
61
47
-52
-66
-48
-39
8
0
-54
-82
35
9
-88
-9
-75
-7
13
-38
-86
-79
-46
44
25
13
-2
38
59
-17
-76
41
39
-8
13
-29
-50
76
66
74
72
-11
-11
-7
4
-83
-51
-94
-3
89
-15
23
12
-33
3
-1
37
65
88
-75
-3
-3
-52
-85
95
95
-88
18
-58
-96
49
28
-90
-74
-61
99
54
16
-67
-19
62
70
-58
15
17
36
-1
51
32
9
-33
-39
-32
-85
-24
-78
-62
47
37
-57
18
-11
50
-85
10
-71
-16
-100
-60
4
-13
-16
0
61
-28
-44
75
40
24
-98
-90
-94
-94
-97
-56
-4
8
9
31
70
-57
92
-21
27
4
-8
41
-74
92
71
95
11
71
-50
88
5
2
85
-78
-70
89
-96
-7
49
-25
-43
12
-3
-35
-46
46
-13
-77
-76
-4
23
43
-54
-18
65
-84
-23
62
-9
88
-99
25
-22
11
-96
75
-53
95
-81
-52
50
-53
36
95
32
-19
12
-33
-47
-39
-14
-6
-72
34
-96
66
12
-48
50
-77
66
62
95
74
-44
98
-61
-52
-3
-39
18
90
-25
13
74
49
74
-53
-90
81
-65
-61
-93
75
43
-2
-7
-4
-100
47
31
-48
-91
35
-66
7
26
80
-13
-9
-4
-49
51
-54
71
-92
-79
99
-58
30
-88
6
-89
4
-78
-54
-94
-72
-24
53
46
-96
93
0
-50
-7
-32
-90
49
13
-57
15
17
-47
18
43
59
-62
-65
68
4
-23
39
-51
74
43
-13
43
20
32
-32
-96
77
83
-41
-12
80
-53
-35
69
14
79
-54
65
54
96
33
63
-73
77
-40
31
68
52
-41
33
-8
3
-41
-85
70
98
-17
65
-5
47
40
-24
88
-94
-88
-94
78
28
49
-43
-26
84
21
-86
22
-65
-52
75
-49
-50
-65
-31
63
-1
-15
74
86
92
-48
67
82
25
12
-78
41
-4
-15
-4
-35
87
19
-99
32
73
15
-81
25
-55
40
-44
46
97
-40
-66
49
81
-24
24
62
-83
41
53
31
75
-14
68
-91
96
45
11
-29
87
69
49
25
75
-85
8
-20
48
99
-75
45
-28
-74
-36
-2
92
94
-70
-30
26
-81
-49
-51
98
-59
63
89
-49
70
-32
40
66
-33
29
-88
-87
42
50
20
12
-93
53
70
-45
-42
38
-2
-93
73
42
-47
29
44
-78
3
95
83
72
-46
-80
-17
5
-22
-84
28
-70
-98
-97
61
-31
-26
-93
-21
95
30
26
60
99
-78
-3
-69
46
-94
18
-29
51
8
61
-74
-75
53
-42
35
-21
46
-95
-11
1
52
-17
-42
-21
-85
41
76
-54
86
-53
15
-61
62
79
45
97
-7
-65
-45
92
-18
17
77
76
23
-79
-3
-14
22
54
55
-35
86
-12
-31
65
41
-50
-81
-84
20
73
-8
53
87
47
89
-72
49
-23
51
-75
-91
-98
73
-63
-22
22
89
34
25
-62
-13
85
-14
-11
-6
41
95
11
-50
44
17
35
-76
-64
10
35
-22
71
57
51
-77
16
-14
-58
-28
-13
-89
16
-39
-88
-84
-72
69
-24
52
-100
52
-2
42
90
-59
-18
94
92
91
87
91
1
35
85
-82
55
-72
88
-60
46
12
-42
7
