12
935
-54
-26
-20
17
-30
-39
-10
6
-4
-92
-2
-1
22
46
-92
27
4
-21
13
-43
39
1
53
36
-15
-63
-46
37
-10
-30
-38
35
-16
-72
-23
14
-68
28
-16
-71
82
-66
-48
-70
52
87
-95
-100
48
44
-84
-46
-65
-8
-70
-54
-75
-74
-43
-58
44
-16
15
-30
-56
45
-47
-14
44
-42
-81
51
-30
67
34
-53
-50
-97
6
-19
31
84
8
-61
-49
62
-24
14
22
-30
-33
-58
-99
40
-52
-87
3
-88
-59
-88
-48
53
8
-11
-3
-43
84
-39
-40
-86
37
12
57
9
-53
-85
-46
26
-18
42
66
75
74
33
-20
-10
72
-1
46
42
70
70
14
33
19
41
70
-93
-72
31
11
-9
-93
-64
4
65
-86
1
-25
-94
63
6
-6
-3
74
24
-1
-35
-59
-26
-39
-39
83
6
74
-40
-93
13
80
44
-26
97
64
-5
-14
89
-65
-38
-91
78
-40
-14
22
56
56
-75
16
-61
-59
-50
-64
-20
6
-67
-53
54
-76
-61
-65
7
62
-10
10
37
-44
-90
-46
-85
-15
97
-73
84
-8
-15
-66
86
80
77
-44
-66
-59
7
-69
-46
7
24
90
84
46
43
-62
-14
-91
8
80
93
-46
-81
52
-73
-39
-1
-70
-54
-9
-50
77
2
42
-23
48
-27
-47
2
23
61
37
66
-21
69
-88
-82
60
-74
-10
1
15
-37
29
-7
99
28
56
99
3
-25
16
-67
51
55
-73
7
4
-12
51
-26
40
26
-44
51
7
24
-82
46
18
89
77
2
-6
25
15
72
-72
60
21
18
83
69
61
90
86
-67
-27
84
-2
-1
-89
22
78
-47
15
25
54
-91
44
-65
85
-36
-60
-24
76
76
12
-90
87
10
80
64
84
74
82
-6
-99
25
8
50
10
-82
-59
43
86
-13
-90
-13
-64
66
-65
21
-11
20
15
91
-17
13
17
99
72
99
-6
-22
18
-58
-18
18
-89
20
18
-87
2
83
-2
-31
85
-91
33
-46
66
-100
24
18
87
-17
-72
3
-18
95
3
-74
-95
88
94
7
52
-29
90
82
8
33
67
27
-58
58
73
7
78
90
31
18
79
-42
-81
-13
97
-23
93
-44
79
36
39
-22
66
38
28
38
-67
32
20
-30
-14
63
81
-6
-83
-45
-4
59
98
44
38
60
31
-33
23
20
29
-80
34
-59
11
30
87
-76
33
23
99
-20
-23
53
-18
19
22
29
-78
92
-85
23
-9
-76
-93
7
65
-72
-34
76
-44
-17
-48
73
-12
-97
-70
-18
-67
-27
-57
50
-72
57
-24
83
-24
31
-54
-88
89
41
-44
-6
95
-7
-78
63
-87
46
-13
-24
39
25
43
-28
14
-56
16
-85
-68
-27
27
-38
-54
-50
-41
6
62
-69
29
55
30
-55
-40
-76
-37
1
51
-56
-3
-86
-40
95
-86
-90
-80
-72
20
-62
-74
99
15
-48
-36
-100
14
-79
89
62
53
-72
87
-63
-19
-54
-34
81
-71
-74
-61
-27
-85
43
16
-28
-28
15
22
-84
-56
2
87
49
85
-8
93
-84
2
-43
76
78
-46
45
-1
-99
-61
5
-70
-91
53
30
-43
18
36
64
17
7
66
9
-5
-54
37
-85
-44
83
-82
-85
54
45
-89
-71
-6
-21
25
-89
52
84
-26
-26
26
-46
-64
-5
77
59
16
89
90
-4
4
17
42
31
-29
-7
93
-72
-43
-19
62
-60
39
-54
-71
-64
32
65
41
-55
56
-33
-92
26
-79
90
-54
-39
95
-49
-34
-16
-23
32
47
-22
-5
-55
73
-14
11
-48
51
61
-53
-57
-26
58
63
38
97
-16
41
-66
-84
-52
10
-83
-76
-97
-30
76
60
65
-66
-39
-76
-40
-69
-58
75
61
54
-81
84
9
-75
-41
34
86
-5
-33
16
-13
65
64
-31
67
-61
-22
-29
-2
-16
-2
-79
36
2
10
-33
-15
-75
70
-41
77
0
-32
97
-52
-84
-82
-80
-88
46
-98
44
35
57
23
-47
40
-60
-40
-17
36
56
38
-55
-43
-24
-60
2
99
57
75
49
-10
-4
-90
2
-8
68
2
4
36
-23
10
42
-52
20
62
-10
-18
-1
52
-81
-75
15
17
-87
93
61
77
-91
17
53
90
65
-21
70
-10
74
45
-93
50
75
-59
-50
-49
-91
-78
21
18
44
-14
-77
-55
58
78
-68
91
81
42
16
-29
-31
-76
-20
-17
-39
-14
16
-14
-10
27
-23
-92
-82
0
-59
9
-71
-9
44
77
-85
-86
35
-95
-57
-79
-15
75
-86
50
5
-64
-50
-87
1
56
-1
24
-44
75
87
88
-59
-83
-57
-93
-16
51
-10
-69
67
-24
-78
-42
-12
66
-7
53
3
-71
-36
21
-7
85
76
-83
-26
25
-80
11
85
17
26
6
-32
91
38
-61
45
-13
19
17
39
-32
-56
-87
-8
-7
8
77
-43
-57
-20
-30
39
53
-91
11
