70
4921
63
96
64
86
49
-28
-19
-32
9
40
-42
-37
-1
-81
-57
12
39
62
-77
-52
0
-46
45
-15
49
-43
-52
-10
-84
5
-21
-42
73
51
36
38
2
-32
15
-12
5
-60
-5
-36
-57
90
-37
72
-37
59
-100
51
-89
-56
-63
-43
-79
79
92
80
-99
-29
44
45
-14
-99
-11
-84
20
22
-74
8
2
23
-95
75
58
-42
-39
-74
8
67
-19
-58
-79
21
77
-28
-70
-23
-4
20
-73
-6
50
-91
-86
-35
89
-29
83
35
-27
12
30
-52
2
96
0
25
-29
-50
26
-13
-58
59
7
-63
53
-84
-63
-4
-60
14
3
97
30
45
5
94
-91
85
72
93
69
17
0
27
-47
-38
-34
51
82
89
40
37
37
-92
-97
6
66
48
27
94
91
79
62
-55
-91
-96
99
-32
95
-97
-33
99
-4
-29
42
68
35
-45
58
-99
64
-9
-54
65
73
64
-6
-64
94
69
95
-99
-50
-88
-60
-11
-64
-30
-95
34
61
47
-38
23
-67
-76
7
-75
92
28
84
32
83
18
99
-81
-84
24
21
92
-82
-80
71
81
3
-89
-8
-58
-71
85
-54
26
-1
20
61
-2
18
-77
-58
-69
-37
31
-87
-59
84
22
54
-62
-51
-68
-38
-15
20
-49
-66
31
-82
-89
-58
-78
28
-62
-45
8
-73
68
-74
35
82
-77
74
-64
-9
-7
34
-36
66
-49
-91
47
66
93
30
-21
42
-22
-25
-61
17
93
-73
-43
99
-63
-86
-26
35
71
59
72
26
-33
-36
47
-97
11
30
11
-6
32
-30
-23
0
-24
-5
-98
-98
41
65
36
1
-1
96
78
46
-54
43
82
-60
-26
-33
91
13
90
84
-40
63
85
-71
54
-11
44
-34
-21
21
-83
-63
-73
-15
-92
61
-22
18
-94
-80
-67
-17
-24
82
-29
84
47
3
-37
16
78
-49
25
56
-52
-90
-42
96
33
-54
98
-71
-35
-86
-85
-47
-59
-30
3
-38
91
-89
-12
-51
-73
-57
20
-38
10
-12
3
-82
-53
1
96
-99
76
0
-90
70
17
69
-41
60
31
-45
88
42
-57
-96
-91
-74
-49
44
-62
-61
-54
-68
54
61
-91
-97
-23
-42
25
-42
-89
15
-84
92
-80
-8
99
-72
-82
-50
-40
47
60
-26
21
-84
-91
26
64
98
89
45
50
-29
-49
98
90
1
57
-70
-10
-35
-87
64
-92
71
-41
10
-56
-100
75
8
-5
-78
46
28
-17
-91
-16
-37
-24
-39
36
-82
-46
-67
-56
18
-43
63
-86
-37
6
-32
-37
-3
81
-73
-36
11
44
-85
-95
91
-30
69
46
-21
2
16
-76
17
15
27
-34
-51
18
-31
46
-79
15
-60
-100
-18
-28
-70
-1
24
94
-23
80
-94
43
28
-49
62
40
75
76
59
92
82
10
-88
86
-46
-68
-68
-69
3
-99
28
95
96
15
-7
-48
47
-94
-84
44
15
-63
40
-5
36
-18
-70
80
-12
79
82
78
41
37
34
84
-92
53
33
-36
22
78
-35
-18
-48
-37
-63
-76
-31
49
-89
-75
-93
-21
50
28
-15
46
34
-58
-14
66
15
68
53
-53
45
-15
-21
-96
87
33
34
69
3
-57
-84
8
-55
82
-83
-26
50
23
-20
15
73
79
-24
94
-33
-3
-89
-8
-92
74
-58
53
-57
30
86
-96
-85
-88
-73
-53
66
69
-24
-34
-87
80
-58
8
-93
48
-93
-63
68
82
-42
-13
37
-60
-29
-15
-37
32
74
-43
-74
90
-95
74
41
69
-80
-16
-99
46
-10
-4
-49
7
-2
-13
67
-32
-98
24
42
11
-56
-34
25
-58
83
65
37
8
-30
-99
28
-3
-15
91
26
27
-93
76
17
-93
-28
56
-77
-51
-39
-12
-92
-74
-69
-89
-85
-32
-52
46
37
79
-49
82
-26
65
0
-43
-58
30
70
-84
-45
-29
68
-53
-37
-3
58
1
56
-77
-74
44
-16
8
69
18
-38
-14
63
-42
93
70
-24
49
84
39
-8
-95
-59
0
8
54
29
7
-39
95
8
-52
-59
-11
-14
37
-72
28
92
92
-29
27
-72
35
1
-43
-89
-40
21
83
59
-41
-83
88
40
97
-59
23
-44
47
-65
-53
-15
-36
-39
-32
57
-78
63
-79
-10
85
-21
34
4
27
-61
32
-24
41
20
64
-88
-1
-80
-19
68
-1
80
31
-76
19
-3
-16
-1
-93
-3
85
-58
-67
-50
-2
-16
-87
-16
99
-11
46
-60
80
-85
38
24
-49
81
99
-63
-79
27
3
81
48
9
50
-94
-10
23
-18
-64
-41
-26
53
91
90
-46
-22
-37
-36
-35
-85
-31
-93
-26
-69
-80
14
32
79
8
44
-51
3
-79
-5
56
-50
-26
3
-57
82
75
-53
35
-6
86
-64
1
13
-84
-42
48
38
-81
-15
97
78
-87
-74
-62
-22
-56
81
-71
-37
43
44
-24
-48
20
-36
36
-70
-71
10
82
-99
-35
41
47
-18
21
-48
64
-14
6
7
73
91
98
85
-47
63
-45
79
18
10
-42
55
-8
-83
7
70
-87
54
-59
27
-1
2
-10
11
-32
82
88
73
52
-64
83
-69
42
70
64
-48
56
-26
23
-98
-17
30
-24
29
-40
42
50
63
-100
-14
58
48
-61
-50
-31
-67
36
29
-46
-91
83
-93
-89
-7
18
82
4
-12
-20
-37
46
25
6
68
-15
81
-77
-64
-80
-12
-70
-83
-45
-30
22
-67
-18
-63
-17
53
49
83
-71
1
-79
-79
-71
-80
15
-53
-56
96
73
76
-34
64
-17
18
-76
6
-92
-35
-60
-26
-21
40
59
39
-34
33
89
-61
51
-66
-60
64
-6
30
12
99
11
91
66
84
-89
65
67
63
-6
-89
-42
-66
71
-45
39
-42
12
-75
-95
21
79
12
93
14
23
-91
54
-45
-57
-97
83
24
50
-76
-24
-17
19
35
-46
-37
23
71
81
26
-92
-26
7
0
90
-83
74
99
-76
99
-20
-54
63
71
73
14
18
-2
-42
89
44
-71
-8
-23
-74
-8
71
-77
-92
60
-76
-66
-49
-39
-40
-46
-58
28
70
8
-29
58
-6
-41
-73
-56
84
30
-66
78
-25
94
-36
-40
-35
-33
58
52
71
68
-16
-39
18
-52
-14
-69
37
95
-1
25
-38
-10
-60
29
87
78
-71
-79
20
33
39
78
-70
99
9
51
29
46
85
-8
85
36
-46
-70
81
43
-3
-15
-63
75
-35
28
-84
-93
24
92
-48
60
-28
24
-6
59
30
60
-88
-93
-70
0
42
-8
12
9
30
-87
7
-81
-75
-34
28
73
-3
15
-61
5
-11
13
97
-54
40
-83
14
-89
28
54
-2
53
-98
20
-46
-73
-6
12
-14
-47
-77
-49
60
65
-41
-59
-35
-15
-61
-54
1
-26
-16
-23
30
53
-58
73
-28
92
-15
-89
33
-62
-95
-56
33
-12
15
32
-40
11
-99
-83
-13
-49
-76
-62
-80
-14
8
-79
42
50
-45
25
70
-10
-91
-38
39
61
87
69
-78
36
-30
42
55
-79
-21
-84
-9
14
83
-46
69
40
7
91
-88
-75
-89
-38
78
73
77
82
80
-58
-37
35
-97
1
-61
-59
-48
-67
24
-72
-12
43
-7
0
-77
81
86
2
-59
40
26
-89
73
62
-81
-88
-58
-93
-79
-57
60
83
-83
69
56
-59
-77
-21
-43
58
-84
84
-3
-94
-26
-56
-42
-14
-61
-50
-63
-4
62
72
-54
33
-85
-64
51
43
-38
-82
20
8
0
-93
-41
52
16
-69
-39
-72
83
80
20
-36
-31
-78
-80
35
-95
-76
45
82
-79
-3
62
-2
-14
18
40
-21
-51
-28
79
59
-50
84
2
-74
-39
-93
84
3
20
27
70
-23
3
25
-3
-8
-60
54
24
-62
-68
70
56
-77
-52
15
-50
88
24
57
22
56
24
-75
-93
-86
-67
-39
-19
27
-82
23
-1
44
-66
-28
-79
-97
1
-25
-22
85
72
22
13
-83
-89
-39
-70
-27
32
-51
49
-6
14
-73
89
-8
23
-99
26
38
96
75
-82
-10
75
-68
-93
69
51
-47
56
-47
26
96
33
-23
-17
-87
53
82
22
26
-79
-83
14
-54
39
2
64
-72
73
-80
77
-20
-83
70
-51
-20
-42
88
-70
-62
99
38
-54
-64
92
0
-16
42
-72
84
22
3
16
-6
3
98
-43
-25
60
48
-92
36
1
-98
-68
67
-63
35
-41
-85
45
22
-51
5
88
-10
-29
80
-75
90
-54
61
-68
-30
-79
89
-29
10
-40
-95
-78
-5
65
19
-22
-59
90
-84
-37
-37
62
-48
-14
19
-6
-64
12
23
-94
-98
82
-20
-38
62
39
-53
72
-22
37
-45
67
-43
89
-35
46
-7
-57
-52
62
47
79
-17
-13
74
-24
11
-86
-79
-97
1
65
-38
-86
-86
97
-34
64
72
77
5
-80
-54
1
47
-53
79
97
85
83
-59
-81
-29
97
-90
20
-3
-70
-45
-51
55
-93
-36
0
68
1
-61
14
21
89
-21
2
85
-28
11
-96
-9
-93
-52
-26
54
-5
78
-93
29
98
45
-60
-48
61
-97
26
70
-48
94
-87
-65
38
-59
-47
-36
73
89
34
66
-99
46
5
35
47
-24
98
80
38
77
-89
3
14
12
-56
-89
17
24
47
-66
74
-94
-38
-90
-70
-54
-82
-100
84
57
80
-3
87
49
69
-94
-58
-98
-90
54
89
12
-73
12
39
-34
-52
-5
-81
21
87
52
81
22
46
9
40
58
-22
64
37
-15
10
37
-20
-80
-62
90
-10
82
-4
-69
-12
-24
-43
14
-16
18
56
-86
-22
25
97
-41
31
43
-43
-100
-38
-10
67
2
-98
-61
-88
-29
6
17
19
-99
-91
-49
57
87
32
13
81
-4
93
-9
27
-65
82
-35
-32
-52
-39
-17
48
28
-90
79
62
60
-94
41
68
24
-90
80
74
-44
-74
53
24
-91
7
-42
-91
11
82
84
28
91
-87
70
-69
15
95
-33
-9
74
-22
51
84
23
65
28
59
80
-65
94
-71
-69
-72
37
6
73
40
97
43
-10
87
14
89
30
60
76
-20
-58
63
-7
-35
52
-78
-93
-20
-24
88
56
91
4
-63
57
-47
-66
90
-68
-77
82
-78
-34
-100
-45
-66
-43
79
-32
-99
16
5
44
-57
19
-34
-66
-81
96
23
13
88
-53
-83
-83
-9
-99
8
80
47
56
52
6
-26
49
-70
-24
-53
47
-66
-9
75
89
-30
-56
48
-42
-48
-60
28
-49
-94
74
35
-4
49
8
-50
-15
-37
-63
2
9
-19
-12
86
-25
40
-60
-1
24
21
87
-46
-16
-52
-51
91
-19
80
57
70
13
-49
42
-35
-25
-24
-13
62
-54
-96
-83
-62
-28
58
-11
-48
-87
5
52
-9
-70
-2
-99
-7
83
-58
-98
-59
-7
37
-32
86
-66
61
56
38
-79
-58
64
42
-80
23
-98
31
10
17
94
52
82
52
-67
31
-59
97
46
-59
61
-94
-51
-81
-63
9
-26
-4
-46
90
-47
-64
55
-54
-18
-39
49
-45
51
-79
20
-30
79
-74
-40
-33
-82
-7
9
-5
-32
-40
-97
-85
-94
-61
-58
-43
-20
-67
8
-98
2
-31
-64
91
6
25
-43
-32
-63
50
51
6
7
54
16
97
49
50
-88
-87
63
37
-48
2
-100
55
-69
-57
21
4
-84
7
37
-72
32
-67
13
68
13
-32
79
77
-50
-19
-1
-98
23
8
-47
30
9
99
92
-84
-93
94
2
-69
-49
-27
87
47
34
41
59
52
-39
23
-43
84
-96
-95
-29
-52
78
-69
-53
-34
46
49
16
-100
84
-20
54
37
92
-53
22
42
15
49
79
2
-8
79
6
68
-60
64
-25
17
-69
54
-78
-41
57
74
-47
-57
1
-54
13
-47
37
43
47
-27
40
-8
-83
41
-87
-36
-77
99
95
-95
96
-53
84
-12
-24
-18
-57
68
-57
-93
76
-48
88
92
9
91
-72
-10
-23
-45
-96
-12
78
-72
-34
-21
27
-70
19
-31
-3
71
85
-13
41
-84
-85
0
41
-16
-95
-20
-33
-13
77
96
66
-40
-10
59
76
90
-38
-95
63
64
-20
96
95
-92
-77
-73
-54
-31
-55
4
18
53
-34
-47
-22
23
-99
78
44
37
-51
-4
68
-76
-81
-15
-69
66
85
63
45
-77
-72
58
-28
60
51
66
-78
38
93
-15
-26
-5
-55
-48
38
-29
93
-7
-44
26
-78
83
-17
26
49
-8
57
0
-31
16
-29
-20
93
-85
-43
-33
-74
36
-9
32
-24
81
63
-71
14
-31
-66
91
-14
-3
-2
57
-87
-97
-26
62
48
-90
88
-30
-96
-8
-88
-64
87
66
17
35
-12
-63
80
-5
-75
-9
41
-67
-10
-45
-77
59
30
-40
-79
23
19
-53
-23
-11
80
66
56
-72
31
32
-83
28
57
-13
53
-38
-53
24
34
-59
7
-45
-55
-27
89
-30
-53
-72
40
-95
-66
-100
96
-71
5
70
26
-43
9
-12
-67
41
98
-26
-17
-29
-43
92
-72
87
-23
-89
-73
-51
78
-81
53
-50
-25
44
56
90
-64
19
-90
-72
-48
-18
39
37
98
87
60
-21
-92
-44
84
-18
-89
87
54
52
17
-84
-14
-18
39
31
-56
-39
91
62
-40
32
39
-32
-3
-1
-96
48
13
35
49
88
-11
71
88
-36
97
-96
45
-91
14
44
54
-52
80
92
75
-45
-24
-58
-54
24
-70
38
-59
-32
79
70
-67
59
7
31
40
-12
-28
-81
-99
27
83
-74
72
-87
50
11
-84
-26
-81
6
17
-39
78
61
51
34
-79
-92
81
64
-98
-13
-34
28
85
38
-17
56
32
96
-57
-41
60
-35
27
98
-55
77
-5
55
-85
40
38
-83
-38
27
-46
15
75
51
-83
-46
24
27
-68
-57
-78
45
24
-50
27
2
14
-28
-91
-79
9
53
51
87
-87
8
-12
75
-46
-75
-93
99
89
57
-51
-41
47
-81
-82
86
-42
-99
-95
82
64
76
19
-23
82
-77
-60
-10
-41
90
-56
-79
-71
-50
30
-89
85
81
39
-31
-18
-86
56
-52
45
70
-44
-92
-72
33
49
-23
42
7
-35
-88
-45
99
50
-32
2
-48
-24
-76
-36
80
79
49
-28
-89
-71
-40
97
-7
-62
28
-84
-61
17
61
-40
10
-85
39
87
-20
-30
-16
-22
86
-76
-95
74
-50
57
32
19
17
44
55
52
-45
44
-46
8
-88
-19
50
25
-46
19
-55
34
-78
34
-85
-96
71
1
-5
-3
-78
-24
-83
-74
5
57
56
-6
79
-23
-32
-53
28
74
87
-73
56
-59
-74
55
-57
-65
-83
-97
-44
54
-97
18
31
88
-14
23
-8
-86
-63
52
70
-35
27
31
26
11
59
-83
40
84
4
68
-45
88
25
59
-99
-18
12
-54
-42
-85
54
-67
-88
-51
94
83
98
-62
-82
-1
54
39
-75
-37
11
-39
-18
-83
25
-38
-96
-74
-96
21
-31
83
-24
10
55
30
-57
-28
-52
30
97
-74
-66
3
61
-85
6
-75
15
13
-44
46
63
99
28
52
67
32
-77
-55
0
23
-75
22
-51
45
-5
-49
-58
-84
48
-15
-7
84
85
26
93
73
-38
77
15
-1
74
-18
-96
-35
52
59
28
50
-43
21
-82
-42
2
59
-74
39
-5
-34
16
97
94
-55
44
-73
-91
-85
-27
-10
94
-6
-56
98
-53
-71
-43
-59
-2
-65
18
74
33
-44
-7
-15
13
-50
-29
-46
28
89
79
-98
3
4
-45
83
8
40
-19
-60
9
78
-20
-27
-25
86
-62
-98
-84
-66
-22
-41
-69
-91
22
-35
79
-6
-5
-47
-42
-26
-95
21
78
-18
32
-28
-17
6
-39
-98
88
44
74
29
-40
-31
34
55
-24
-13
12
-64
39
5
-23
17
-16
78
-56
44
40
-35
73
-2
-30
31
87
-12
69
60
-26
66
-89
-96
17
69
74
67
55
74
-59
48
23
-66
-17
23
48
73
61
31
51
-29
93
-34
-34
4
-24
55
-70
16
-87
18
67
-31
51
-59
-4
81
-35
33
-53
26
-77
-86
39
-26
-85
-95
-93
-63
20
28
-98
-98
53
44
59
-25
18
-7
-67
-6
97
-52
77
-59
-81
21
-92
4
-83
-21
-33
-10
22
98
16
-11
-43
40
47
-77
-67
35
-89
-14
-50
27
-81
-8
-79
12
-28
-39
-17
-6
87
39
94
67
-50
71
7
45
78
-39
-79
93
-91
90
-65
-41
-49
74
27
11
92
66
-82
70
-41
95
84
-32
53
-47
63
50
-76
87
27
-22
-14
97
-89
-69
-68
84
-48
60
-75
6
26
-76
-42
94
-2
-72
-99
-83
-64
-53
-93
-1
-99
-26
-27
-14
35
-5
24
-13
-86
33
46
47
55
44
78
65
-18
-18
27
59
-68
-61
-18
-68
7
23
72
-25
14
30
36
-81
9
-36
22
-8
-10
53
-65
55
-47
-54
-29
18
45
-7
-96
82
77
-19
95
-13
-18
54
-15
26
64
-51
-90
-28
25
-26
-70
77
-33
8
-70
-82
22
39
34
43
-99
-60
50
-64
15
-77
-92
83
66
-61
46
-30
-61
-97
-74
30
87
-67
38
-31
29
43
-52
2
70
-64
-78
94
-96
60
65
-32
17
-56
17
97
-32
73
68
-69
8
-52
46
8
13
83
-47
50
60
-90
-3
59
25
-40
59
47
-82
-67
-15
41
23
57
61
-10
24
-47
99
-48
16
-70
79
74
-99
2
27
-46
-44
-41
69
6
-73
-8
-81
-25
-46
7
55
-63
61
24
35
-70
-81
44
89
21
70
79
42
-72
-45
73
57
-18
50
76
77
22
52
-87
-65
-39
-87
27
-18
1
-86
90
22
-37
23
72
-40
-36
-44
-62
-64
-72
45
30
18
84
66
-60
-17
-4
-21
-74
38
59
85
10
38
-62
-99
95
-73
20
-97
29
-66
-37
-50
83
45
46
-8
99
-19
-8
-83
48
71
83
63
63
-24
21
79
60
-75
87
-55
-17
-63
60
14
-49
66
-74
-98
5
2
89
-11
96
-58
84
55
-82
47
8
-65
-53
86
84
-18
-27
65
-29
-93
62
12
-17
-1
-5
-89
40
62
-70
-29
49
48
-14
-57
29
41
26
-31
62
-89
-58
55
34
19
52
56
20
-1
-59
-83
90
-40
41
-70
-91
93
-81
67
-86
25
16
0
70
83
65
-43
-73
-65
-30
-22
55
-59
86
-96
91
-86
-62
-86
35
26
98
43
49
-74
-31
14
-2
24
-51
-18
-16
-6
-83
21
-38
57
-4
-53
-41
85
17
-63
60
18
-22
44
-51
49
75
97
7
10
80
-84
68
45
9
-87
44
-49
64
-95
21
12
-99
-76
46
40
2
-75
61
-49
-42
90
-92
-12
-24
10
3
53
46
45
20
78
-51
-78
0
-95
-38
70
-44
86
48
46
36
63
-26
91
92
-11
-55
56
31
86
-18
52
88
57
8
31
-98
-87
-3
-99
95
92
-28
-12
79
-82
-92
-78
-59
18
-15
3
61
-62
4
91
-51
-41
74
5
17
-71
-54
27
57
-93
-43
-33
-99
26
-60
73
41
9
-46
-75
7
-76
23
-17
20
-77
52
-89
-57
-61
-94
-57
-17
-48
-74
-91
87
92
68
-80
98
-15
-76
-35
2
43
-71
33
-57
-55
-54
-29
3
15
71
-78
-17
93
-79
34
96
-6
-13
-18
-16
-95
-1
6
69
54
27
-35
14
40
53
-3
23
15
0
-77
-94
49
-23
-43
-52
-74
92
-53
78
-61
-62
81
-49
-46
31
-14
96
-58
-61
11
89
-66
-41
84
-6
-81
-23
47
7
-69
-50
-50
73
54
-88
-92
46
52
21
-39
-30
-2
-5
19
-67
-97
30
10
79
-30
-70
-33
95
38
-28
86
90
-80
-51
-96
0
-18
-28
-25
34
-14
-74
15
40
-84
85
-29
55
-61
-14
17
95
-3
-10
98
43
86
-30
28
91
-91
20
41
-81
-96
-45
79
11
30
31
19
-17
57
10
-17
-74
21
49
-46
-89
-10
0
-74
71
33
-77
-47
7
-99
36
-1
-89
-55
70
-6
-60
-36
0
-34
-16
97
56
8
64
-67
-51
-78
-78
48
11
-60
-29
-86
80
-43
-4
98
-81
-36
85
80
54
-95
-12
-68
7
-43
-42
46
-72
-8
-10
-30
-31
-65
83
22
90
-90
95
-64
-88
86
-24
16
-61
-62
-17
-96
43
-30
53
63
-37
78
-16
-11
-2
-15
89
-37
53
-78
34
94
-35
-78
-80
1
59
59
86
99
-48
-42
-56
-63
-50
-87
60
-78
69
94
-89
-45
-29
57
-26
68
-46
83
50
-49
17
74
33
-13
-12
-23
-46
80
98
5
-35
88
90
13
-63
-75
27
17
14
-55
-59
12
-16
92
55
67
85
72
46
95
42
22
-68
-14
61
88
-47
70
74
-39
-45
24
68
-53
-4
35
-69
-35
52
-34
-26
-44
-35
74
-25
-55
29
22
1
99
-62
-92
-36
-83
0
90
-20
-47
68
-74
39
88
-6
-83
-70
-22
26
-96
53
-79
75
40
23
70
-53
41
-67
-70
-18
34
-42
-90
99
72
94
-31
-96
31
26
72
62
61
-61
-42
52
55
10
80
56
-93
78
7
-81
60
88
67
93
69
92
-92
95
-25
33
-75
-10
-71
95
76
-50
83
-1
-85
83
26
-31
78
47
-49
39
-43
-21
-18
31
92
75
79
54
36
-76
97
-28
20
-89
-59
78
49
-37
75
-42
-94
52
-87
88
-70
-78
-16
-100
50
-97
53
38
-56
28
70
56
22
61
78
-48
14
-94
-14
5
25
-34
-99
-43
-62
95
-100
41
-26
65
18
-100
-5
-71
-46
32
48
28
-45
-69
-73
56
-80
82
-25
4
-57
20
-20
74
18
-8
49
-42
-24
40
-53
-82
-99
-74
-13
40
-22
-97
-78
23
37
-28
82
93
3
76
25
57
-75
21
-95
5
44
31
-83
80
-78
58
-73
54
-27
-12
93
30
35
-39
92
17
32
-98
-95
61
-32
95
-61
-70
-47
31
-61
14
-35
-9
27
-100
90
-58
-31
-29
-46
-76
76
-27
74
80
49
79
78
-65
7
-60
-36
86
-74
-54
-96
-59
-84
51
-6
46
-70
79
17
2
54
-90
78
-4
94
-31
90
-60
70
-70
47
-86
-31
71
77
-33
55
-97
27
-92
-11
-5
-69
18
4
85
-19
78
55
90
-14
86
-52
3
-81
-74
1
29
22
-100
32
-52
-51
76
-48
-42
-51
-79
42
-82
43
53
25
80
-96
33
56
12
99
73
-21
5
92
-95
-28
97
-63
-67
-50
43
94
-89
0
-5
-79
-39
-52
82
-82
-34
93
73
-9
-26
-27
-56
-2
-75
-75
63
-93
77
79
-89
-3
17
24
46
-94
76
70
81
36
-24
-70
-22
-26
1
-28
-28
89
72
66
-66
-55
-98
-95
30
-38
68
-87
-57
-17
5
-5
-10
50
-38
-40
48
78
35
-24
92
71
-50
60
-21
-59
-37
-59
78
-100
-85
-27
-89
4
-100
-28
84
-45
64
-41
-4
-11
79
69
-13
-14
-3
-62
71
72
14
-97
-96
28
50
-7
-88
58
-54
-74
-31
-24
-84
-61
-75
-24
87
-56
-33
-30
-99
-65
-11
97
22
95
21
-61
-66
-59
63
82
93
20
61
-67
-34
98
-91
0
-98
-9
83
84
-95
28
31
-76
-59
-98
57
-94
69
81
-92
-18
-19
33
-77
-67
-95
98
-19
9
35
88
-11
-67
-69
-96
3
61
3
-43
-65
89
-83
85
-51
70
54
-41
-92
-97
-89
85
7
-2
-70
-83
96
39
-76
34
-37
26
17
-19
-40
30
32
-35
94
-99
64
-43
-88
-20
30
-89
72
-47
6
-90
1
82
11
21
-11
-20
23
90
-63
21
15
-69
42
-1
6
96
41
56
36
-86
93
-39
-24
-47
7
45
-59
94
27
47
51
55
88
71
-21
79
98
-45
38
27
29
23
48
99
-77
-24
-90
-84
8
-19
-66
33
86
-83
57
-74
43
-31
-88
-91
27
3
71
-75
-87
83
-90
12
-28
12
63
-96
11
32
-8
-80
38
-21
1
8
53
-3
10
40
-94
63
-76
-49
78
-53
-61
-60
53
-39
13
88
-32
55
29
-78
41
-43
64
-41
31
23
47
92
62
-37
-17
-2
-5
79
-17
-30
86
-12
30
72
61
-68
-71
-24
37
-79
93
-46
71
96
-52
68
-75
-58
-29
-74
-94
-97
-15
42
75
13
-42
-30
-28
-2
-12
-69
69
-32
4
-80
39
86
95
91
-43
67
-55
55
50
-25
54
21
-78
56
-64
-35
-27
36
13
21
-79
-78
4
-88
-61
76
59
68
43
-23
-18
0
-78
-87
-78
-57
40
48
13
-86
43
59
50
-34
10
32
35
-40
-7
9
-40
-9
96
-65
-63
39
0
1
-92
-88
84
-17
76
-23
20
-37
-16
51
-98
84
-95
-82
9
-45
41
38
-22
-20
-18
63
85
-5
28
36
-99
3
-59
92
87
38
-72
53
97
84
-61
86
-33
78
34
37
65
-1
-91
-43
-44
-16
96
-23
-23
-24
43
-28
79
84
11
-15
-92
72
-40
42
88
63
-67
90
-57
70
86
68
-84
34
50
26
91
-63
-72
-79
2
92
-29
-79
99
-98
72
76
-80
-63
-91
-96
-26
69
-7
67
7
32
-60
-42
73
35
-72
29
7
-82
23
61
7
43
-73
50
-48
-56
-74
99
-19
87
-46
83
-94
86
-80
96
-81
84
-54
67
-73
54
-67
19
-69
66
-86
-73
-31
88
51
38
-2
-48
93
4
49
-18
-20
-9
7
-73
53
24
39
61
18
28
6
-93
36
-44
-44
-56
-49
-44
88
99
67
36
-82
-45
-74
-27
-61
12
-33
49
52
-28
-62
-86
99
46
73
-18
18
-48
-75
-81
14
3
-97
-74
-63
34
-31
-49
-58
-26
-9
2
14
-54
68
-85
-66
86
1
-30
76
-29
-3
-97
-25
1
-55
-86
-64
-90
38
-58
87
67
-31
-88
-79
88
61
61
-90
93
57
-6
-85
22
37
