65
5017
49
-5
-44
29
-53
10
-15
38
-46
-37
15
-44
39
-85
-23
91
7
-72
62
54
-34
-57
-52
16
-3
81
-91
-37
18
38
0
-43
79
94
-72
-42
-17
-63
-76
8
60
-5
78
-90
4
16
9
41
-89
91
77
56
-31
-33
-49
-20
-45
46
69
-18
97
-61
-7
2
-36
-67
-46
45
92
28
-54
14
39
92
52
-84
7
54
97
-83
41
-14
-60
-64
11
64
-5
-41
12
-59
-74
33
0
-6
-100
58
37
74
-68
39
61
-47
51
-64
94
-3
94
-66
48
16
33
78
-78
-5
77
-30
-28
34
50
-37
78
-61
-65
94
73
38
-52
15
44
57
17
27
-79
-12
97
-84
-46
62
38
37
2
57
-82
37
-30
-86
-11
98
50
-80
39
50
59
10
-89
-82
3
-25
-16
66
52
99
12
-49
86
-92
-60
50
19
-48
64
-34
61
-10
99
-78
-51
24
8
82
72
-79
-60
14
44
-60
-23
-39
-91
28
-91
-45
81
-17
-60
-9
61
-68
-38
93
30
31
-93
16
1
-14
32
-39
-96
47
81
34
8
-58
-66
-99
36
53
-23
20
-73
-78
-73
20
30
68
-86
67
-31
57
-52
-64
50
66
19
17
-47
18
-53
-67
-2
34
-26
-35
19
-19
-66
-53
-14
12
-75
18
-46
38
14
-93
-59
64
-67
-56
-21
50
90
-20
-6
28
58
32
-42
-49
71
-5
-29
24
-39
0
7
-57
-14
-98
-82
-95
-49
77
-71
78
74
65
-71
-60
34
-84
47
-55
29
99
95
92
13
42
87
28
19
-27
-4
-93
-56
-96
-23
13
59
8
-97
-100
-19
-93
30
26
-49
-59
-51
-47
84
-42
15
-21
13
23
92
63
-8
47
-45
42
-61
68
37
4
-95
73
56
37
93
40
-77
-8
-47
-93
24
-79
83
13
34
-73
-69
33
92
95
17
-5
-63
54
-13
-45
37
73
-24
24
57
-69
-72
48
90
33
40
15
99
86
93
54
53
56
-1
-83
-73
-67
57
-83
-55
-56
20
34
73
45
-57
89
9
68
61
17
21
-27
86
-38
-3
94
20
87
-58
-56
87
-2
-96
84
-56
47
-78
62
60
13
-80
84
-80
-51
-2
72
-75
-20
30
59
-22
-66
36
-54
-11
10
12
-82
8
-34
3
10
77
-83
72
45
-28
-71
83
-92
60
-23
-56
91
26
18
39
-11
-74
99
75
71
-63
-81
62
-99
-62
-97
-41
-7
-33
50
-64
-53
44
-23
-88
-45
39
39
-71
-86
-15
1
-26
47
29
54
-32
-32
50
-5
13
-37
-55
87
10
34
-93
33
22
6
-72
18
-63
-16
-86
-9
48
52
-26
95
50
97
57
54
-68
55
-76
-99
65
-44
-65
52
-39
37
-54
1
75
-73
71
59
-87
64
93
71
-93
-65
28
-72
92
16
54
-37
-64
10
13
54
-85
-13
-2
-92
67
-11
65
76
21
-92
11
-85
-3
51
-69
-72
-92
36
-91
-78
56
-90
-42
77
-57
0
-9
-23
33
94
36
-88
87
-92
-11
66
73
-56
66
-66
-14
-52
-1
-95
72
-97
-3
81
-20
-39
88
45
50
57
15
-27
-95
46
-66
3
-22
-66
32
76
22
-16
40
65
32
42
50
19
93
2
-94
-62
-45
82
61
-23
43
63
-90
-9
66
39
-53
63
41
43
-25
-51
26
73
-7
-87
-75
19
-7
66
59
98
44
24
-60
74
21
-88
42
-61
-72
5
0
20
60
-44
-88
66
95
94
-3
-14
84
-17
-84
-46
-95
-74
16
-61
64
5
-93
38
-58
93
55
-43
50
-48
-69
70
65
-89
93
32
-34
-41
-46
-14
9
-62
49
-35
-5
-96
-75
20
9
-21
-51
-18
-22
53
-65
-100
-57
53
-7
56
-28
29
-21
9
-92
0
50
-47
19
-87
26
18
3
19
-75
84
-85
-37
80
91
-62
-86
78
55
7
58
-70
21
-64
70
68
-70
54
6
74
45
96
48
-11
71
40
87
-76
93
45
90
34
-43
48
-71
-39
18
38
21
-60
-9
14
92
43
62
-33
88
34
95
-88
46
-23
-83
18
-65
-41
-58
-28
9
38
99
73
-97
91
43
24
-57
81
86
-71
-64
1
-51
-66
99
-64
-50
-74
54
84
73
-48
98
-79
72
-85
10
22
66
-61
-72
-39
61
55
5
85
27
76
-73
-16
69
-18
-19
56
-90
-10
56
-48
55
53
48
-57
52
-72
52
-18
17
51
57
-32
-20
71
78
94
-45
42
48
27
92
92
-45
-10
-45
85
14
-21
-69
-38
-60
-29
52
33
-90
13
50
43
98
75
95
63
37
87
19
-11
89
-25
31
-9
-62
52
7
-40
21
48
93
-53
-6
-70
-3
-80
54
32
17
-36
55
98
99
-81
63
15
36
-8
7
22
-54
18
-51
-73
83
46
-9
11
-84
43
-6
99
-18
-36
36
-36
-89
27
86
-24
-43
12
-64
51
-88
47
-7
76
51
97
77
-56
19
11
73
-47
68
-95
-92
-32
87
-65
-59
76
98
-48
-53
-10
84
98
-37
91
-15
72
-43
66
41
-7
74
43
41
41
79
69
44
-34
49
61
74
-73
-52
98
86
27
51
51
-35
-86
46
9
96
6
49
-81
-61
-5
79
14
21
85
-75
37
-17
-55
-90
92
-45
0
88
87
20
68
1
2
24
99
-56
-19
-3
27
56
-22
-49
-52
28
-59
-79
27
81
24
-75
98
63
99
80
-72
-33
53
-73
-15
-9
40
-81
-47
-12
86
-74
54
3
-18
83
-79
-84
-2
-35
-45
-8
-75
-46
-70
-40
29
66
42
-59
25
-44
29
-11
52
-87
23
18
-27
-38
-83
56
-95
-98
62
-91
54
89
-65
56
-45
80
82
-95
46
18
-22
-14
-30
-56
99
-71
-48
-98
-29
64
23
-10
96
55
2
-5
35
83
-19
-74
-91
29
-66
-31
-74
28
80
-83
29
-81
75
9
31
69
-92
-42
23
21
74
93
-98
-79
-50
83
-94
-90
22
20
-24
42
24
10
48
-9
-1
-97
-23
32
-43
-42
20
25
-62
25
-91
-39
-71
89
-19
14
14
-17
48
56
-43
-7
-36
61
48
67
-64
12
22
40
-25
23
-51
-21
96
76
84
-96
10
18
-42
-78
42
85
-90
-72
75
-59
-56
47
63
22
39
85
2
1
-26
-81
52
52
-46
89
-86
74
56
-8
-5
14
-62
-86
10
42
-21
-95
-63
43
81
49
-39
-68
26
98
0
-37
-41
21
10
-14
65
68
4
-88
-59
16
64
-80
18
56
4
-79
-7
-70
65
-100
30
45
92
-70
-41
-55
0
-35
50
-44
71
53
-14
-76
-20
87
-39
-45
33
-91
24
67
-87
40
31
51
-11
-20
22
44
-77
44
94
-23
60
92
-68
-42
-27
64
52
9
10
14
-6
-79
-53
42
47
-27
-51
63
-36
-55
-51
61
-1
-73
17
-9
-46
-77
-49
36
-48
-19
-15
-14
-35
59
11
-85
93
77
-66
-51
54
-44
-7
37
93
-35
55
-27
-53
26
90
4
-77
78
79
-98
-42
-18
-84
11
74
30
88
-28
-100
-71
14
-25
96
-29
46
-64
-74
-88
80
23
-21
27
-41
39
-35
-36
52
-24
-15
82
93
87
21
37
37
-67
-55
51
92
55
40
56
87
94
13
-32
-4
52
98
-89
94
-71
-19
68
-36
45
44
88
-52
-67
-43
-91
94
68
-70
86
73
-62
55
-15
77
73
29
80
-29
21
74
35
27
74
30
86
4
-78
-57
-91
15
-91
-88
-80
-96
-37
93
29
71
-46
18
-88
-32
-27
33
-65
-45
21
96
-98
93
-50
65
-55
71
21
50
45
-80
-60
57
-83
-21
77
-87
0
-21
-50
-19
-35
-20
29
-66
70
-16
50
80
51
62
2
-26
-59
-18
-82
-28
17
81
67
2
66
-68
-55
-56
21
73
-90
53
-82
95
43
19
54
-23
73
-69
-52
16
-61
99
-88
35
80
45
49
80
-59
-80
-36
-50
-42
63
-54
-35
-81
57
84
83
65
-67
56
-89
60
-96
-66
49
-34
81
91
-37
99
-28
-49
-39
87
-98
92
-20
14
-84
68
-83
-54
-60
-31
-80
26
-46
71
94
-69
-19
87
43
52
54
5
-96
-78
-41
82
90
-70
-62
-89
-57
19
84
-74
22
71
8
25
51
77
-14
10
8
1
14
50
8
65
-9
-49
94
-41
-70
-2
-53
-94
28
-73
87
-14
-88
-20
-79
23
-12
4
41
29
-35
99
-68
98
-40
-76
50
86
43
97
34
96
-11
-47
35
15
67
-30
-92
89
65
-84
45
-99
48
52
26
-84
86
-79
33
16
19
6
-11
-69
-91
49
1
93
-17
42
-80
-94
76
-54
22
-70
-37
-27
47
-49
-67
9
-81
-48
93
56
-73
16
16
-45
27
99
56
-41
-55
17
61
11
44
-51
15
-37
-44
-13
-21
-43
80
7
-47
86
0
66
-1
30
51
-47
-63
21
-40
-29
18
-94
-55
-28
-89
18
-30
47
73
20
50
69
14
-19
94
26
-26
45
69
-22
81
-46
81
-83
-49
84
-25
21
71
-45
-86
-23
-25
74
-84
90
-61
27
-85
19
21
-98
-56
43
67
26
26
20
79
-63
-32
38
45
-59
-67
11
-5
-22
29
-87
72
75
-67
5
24
9
34
-16
-86
-12
54
-37
-14
3
-25
28
-50
-1
36
-63
43
-23
97
-55
8
60
62
47
-82
20
-73
17
-11
-32
61
-33
27
-74
-20
-94
10
-88
64
-6
19
58
80
-98
16
-9
65
70
19
-38
68
-22
-42
50
-58
94
-33
31
-29
57
91
-12
54
7
-17
50
51
34
89
67
-67
61
-61
76
-16
-69
85
76
-10
89
-14
5
20
21
70
-74
-72
-67
98
4
8
14
77
36
70
-96
-14
-8
-24
-10
33
-26
-95
-12
-7
-47
-94
74
53
-58
45
-58
-29
-1
57
29
4
68
-66
-93
-93
17
51
79
-9
-8
30
-98
-37
15
-23
-67
-50
-35
95
73
-72
-49
58
26
55
-33
55
72
55
98
11
9
-31
32
46
65
25
-59
9
-76
-17
-29
-73
26
17
9
-69
-62
46
42
-90
5
66
33
41
88
14
79
-56
-60
18
17
24
10
20
61
-53
1
-74
-35
-55
17
36
64
-40
93
98
-98
-52
-48
28
-43
7
6
81
96
82
-91
49
92
-41
-55
-57
-96
-52
-90
8
75
-84
-72
-52
-58
-67
-97
83
31
-5
84
7
98
56
34
-28
71
-57
-78
-82
17
9
-23
55
97
-45
-41
38
12
-51
-86
-76
94
65
83
-75
-92
10
18
69
-48
-23
20
64
64
46
-58
-57
-43
36
-9
-61
1
57
-12
37
-99
-93
27
-98
-97
23
-83
-68
-56
-63
52
50
59
-82
62
22
-80
-46
68
46
72
-45
-26
97
86
60
26
-13
33
80
-76
-3
-83
90
-32
82
-11
-56
-93
-95
50
-89
27
-78
-22
-82
-67
-79
-53
54
30
24
19
69
53
63
-43
-2
-13
-8
0
31
-69
45
72
-40
67
52
-58
-92
26
2
55
-92
34
-39
-94
-66
-22
-96
-26
-88
-26
-63
34
11
-13
-53
7
69
-28
-2
71
41
-51
-63
-94
-4
5
2
73
80
-57
-94
14
70
72
44
-83
2
-56
9
29
-86
63
76
34
38
-37
-69
53
-50
-8
86
-48
-93
22
15
20
-28
68
20
56
-63
-29
76
31
38
27
-31
-70
98
-99
-53
51
96
51
62
-71
-38
-59
-39
2
45
-67
43
64
-55
-10
-49
-46
32
27
-12
-45
-31
-38
-25
-68
44
-62
-97
-27
33
-75
-75
78
29
-84
46
27
41
22
37
-1
83
-61
88
-4
-93
69
21
-31
60
-35
79
-78
14
-95
5
99
-29
34
85
6
83
-27
11
0
32
-74
-89
-73
5
-58
-55
99
56
-8
-62
-22
-7
-86
34
-15
4
27
-96
-60
46
-89
22
-80
-99
35
-2
-66
-67
1
15
50
-25
66
88
80
64
-41
68
68
33
-99
8
85
-48
-60
5
1
85
77
-80
-55
56
-65
-27
-90
19
13
67
45
-88
85
-25
-91
-53
-15
-45
-2
4
35
-71
81
46
-15
16
-13
-69
-73
52
-8
-94
35
70
4
72
-5
-60
97
-36
10
30
44
-85
60
-15
3
-89
27
28
74
14
-37
-35
58
0
-58
-40
10
-54
-46
8
-34
-36
-86
-31
67
12
-8
-19
-14
0
-70
11
68
-17
-3
-9
2
-96
37
83
-42
15
33
-17
-20
-73
-2
-35
90
-81
15
-51
-3
69
-74
-70
78
55
-90
-16
26
-21
73
98
61
72
44
14
-95
57
-27
-74
75
23
-68
31
-72
61
66
74
-34
-50
-57
30
2
-87
0
-45
12
-38
64
63
36
-45
31
-10
-31
-88
20
75
-86
-1
27
57
3
86
-89
86
51
-34
-42
86
38
46
-64
-49
84
53
34
-64
-79
-54
10
19
-55
97
45
78
-14
-54
-14
92
-12
-34
-94
-58
-29
18
-86
-97
7
-54
-5
9
-13
89
92
-75
39
-58
-9
57
-63
-41
-73
-20
2
71
-52
92
29
54
47
63
89
86
2
-20
-33
-50
-75
7
-20
-51
-36
-32
-55
7
-52
-42
90
-10
46
-90
-85
-96
-21
82
-7
-55
93
-33
6
-51
-39
93
95
-72
14
1
67
-98
-36
25
-70
-12
18
62
-78
17
-31
-93
-89
-62
-76
67
-74
39
17
16
-96
46
84
-94
13
-2
-26
67
-25
42
58
-86
-49
21
25
66
24
-18
41
-53
97
9
98
-35
96
-3
-77
-65
-76
93
-63
-74
11
9
-84
39
-44
-65
89
13
-30
-90
68
-85
-85
-1
1
-28
40
26
97
-32
9
33
-93
-50
-24
57
-17
87
-57
-13
-65
-48
-58
60
91
-80
-44
91
43
17
25
70
-11
63
-69
-21
-14
-37
-30
-1
-91
-83
-93
-10
-40
50
74
25
-86
-96
-76
2
73
-43
96
92
-11
19
-77
-53
8
28
39
-36
-50
-36
-60
59
-45
-86
17
-42
38
57
80
83
38
13
-55
76
68
-92
34
-61
-71
-65
76
84
22
-57
61
0
77
-70
3
80
-2
-57
-51
29
-1
-99
-94
76
37
77
-61
24
-15
92
-38
-58
82
19
-22
67
-41
-61
83
-75
50
-22
57
73
18
3
-14
43
96
13
-85
89
86
58
-91
6
91
91
1
99
-70
12
-55
55
-28
52
-89
-30
89
-3
-57
70
32
92
-66
-57
-56
-76
62
22
67
-57
29
84
-30
36
16
-15
-63
-37
31
-41
79
79
-26
-6
-45
-86
-28
43
0
7
15
34
-32
-43
8
-15
-46
21
87
-5
93
-97
54
53
22
-98
-60
69
-83
57
-72
92
6
-70
-9
-63
13
-13
45
86
8
47
-10
46
-85
34
5
27
-67
99
77
15
-72
23
-19
54
-21
98
77
-15
44
50
-100
2
-69
58
44
-43
-92
-61
-24
58
-41
-50
-90
-95
41
83
-31
16
86
-84
-52
44
36
-31
38
-56
17
5
64
44
38
93
-69
-73
-62
-30
-29
22
42
-75
-62
75
13
-32
62
-29
82
-93
96
-65
-99
-36
-16
99
0
68
-63
13
-15
93
-15
53
41
-48
9
28
1
-36
-76
14
94
12
-5
37
31
-52
65
-94
-95
99
-40
-64
84
-87
63
-24
65
22
-30
-99
46
42
69
93
-65
38
9
85
37
-90
-14
-89
-62
60
-76
93
-76
-78
71
31
8
36
20
4
-67
59
-72
48
98
-75
-70
-38
-47
99
-62
13
89
62
23
99
-54
4
-17
-80
37
-90
-93
-68
-67
-77
-81
-3
5
43
72
41
-70
20
3
-23
-80
-80
-25
14
-70
-10
86
-5
-48
45
-78
12
-78
62
-12
-46
96
6
-81
-63
-41
-10
74
-15
-23
-84
3
-13
73
6
-53
-69
-23
-26
-46
7
-38
-67
28
21
53
-61
-36
-35
-74
21
-7
-23
-22
-47
47
93
26
-100
63
92
65
48
-45
79
18
0
-75
7
-44
29
3
47
96
-47
12
44
48
96
97
-68
94
-99
-40
9
-72
-42
-35
14
-87
-82
-95
70
99
2
82
20
-80
12
-90
68
-88
80
-43
-75
-15
63
-9
-90
-29
27
-5
41
66
82
-21
35
-82
-73
-32
-12
82
-87
-82
-39
80
-33
-73
75
-10
22
93
-42
-44
-87
-51
37
-73
-16
8
-69
-54
-80
-65
-77
-37
-38
11
-54
-3
-8
-33
24
70
14
-1
-27
-100
-61
19
-6
47
-88
19
73
19
38
-34
-17
59
35
-43
25
87
51
96
21
-65
17
36
82
50
-16
-19
8
70
5
-33
36
82
-85
-38
52
-67
-27
-14
44
-85
-92
-36
-30
56
-78
70
-69
-98
20
-84
60
-98
-35
48
38
-55
-96
24
-21
2
-39
-73
54
-51
-81
-99
-51
5
49
-100
91
-92
-79
-89
-40
63
-79
-36
-70
21
-77
-4
-64
57
-82
22
-95
61
-20
5
-49
-79
15
-53
58
-15
-60
87
59
-94
20
29
58
-45
-46
51
16
-55
67
-41
-49
54
84
-56
-7
5
69
-92
-81
16
78
59
94
-85
-65
35
-81
-53
75
-40
-55
-8
19
-78
73
45
27
-98
-99
-30
85
73
8
99
-98
81
-100
27
38
-90
-58
76
-50
78
-11
-94
-100
86
88
77
47
-71
86
91
-34
20
-44
-13
46
-89
-62
36
-3
-44
90
80
-70
0
79
49
45
-67
-20
-93
-65
-81
-53
63
-33
-83
41
31
59
-55
26
79
14
-17
-71
-9
-95
-57
-41
5
56
61
35
8
59
86
-20
-80
-78
72
-24
-66
-28
-25
-57
-78
-85
46
2
36
88
42
-55
-15
98
-94
-61
34
-82
97
-70
36
93
9
29
-40
-10
68
26
92
-78
61
-94
-13
87
69
98
45
79
-43
-62
30
10
21
-22
-74
-73
92
-29
-17
-48
93
19
-32
26
50
12
-61
14
40
-24
53
92
-41
-13
64
-19
-87
-90
41
-48
-12
-30
3
-48
-77
-44
-53
-21
54
-41
19
54
26
56
-98
50
-55
24
89
91
27
21
58
9
38
-50
-91
18
-83
38
-52
-36
-98
20
-99
-50
73
92
30
-38
-16
-78
36
50
55
-99
-77
-52
-25
95
31
20
78
20
19
98
-73
-9
81
13
78
55
-77
30
88
-3
34
-75
-96
56
-93
-33
5
-55
71
4
87
90
-42
-14
-17
54
-79
4
32
69
-32
23
-92
44
30
70
49
-57
-46
65
-46
70
-6
11
36
-82
21
94
-57
28
-68
-32
-22
17
90
-32
-29
-23
-86
-42
6
-16
-54
-17
-88
-66
-91
-31
-74
-100
63
-29
-17
86
70
-52
60
41
16
46
-26
-50
-39
8
-2
69
-38
-34
88
49
55
-44
-47
15
-88
33
28
-19
44
62
48
-2
-52
-99
38
48
-80
-74
-16
-84
-82
-69
-94
5
11
-23
99
41
3
-41
-62
-65
88
91
37
71
-28
99
-33
-83
74
1
-94
17
-19
-19
95
92
97
84
-76
92
72
34
57
-49
-100
76
14
-10
49
-12
-2
-1
-4
-58
59
-86
-13
87
73
28
14
-98
36
-65
73
69
-23
89
-82
49
-38
-21
-83
97
-32
75
-78
85
-19
-6
-91
-33
-10
92
61
-10
-71
-84
62
-99
85
-89
98
78
1
83
30
42
14
59
89
34
-64
64
28
-90
99
-100
83
-20
-26
90
75
-56
-45
-29
-25
-61
-32
80
-96
68
98
-11
-53
6
-77
21
87
53
20
91
19
-75
-88
36
-54
-100
-88
74
9
47
56
-39
61
20
77
42
-29
-38
-42
9
33
46
95
-47
99
47
-55
-82
-13
-83
-83
-43
-99
60
-3
-74
-83
99
13
-60
-4
-55
-22
74
-85
-1
-71
48
-84
49
-10
-34
42
-95
31
-86
-39
2
19
-53
13
37
-88
-19
-48
-30
-37
-38
-77
-17
-23
98
-84
-65
-56
81
82
6
0
-99
-36
0
61
-57
53
50
-96
-92
-67
-37
68
89
-20
2
-53
-10
31
94
-87
23
93
81
-60
33
82
-99
26
-69
-94
18
-28
-42
32
47
-32
-68
79
48
29
72
-51
93
-63
80
-85
64
-31
71
-53
79
-34
-79
-87
-89
28
-57
-31
-91
-62
19
23
-19
-78
53
29
-20
22
-24
-53
96
96
8
-53
44
93
-15
-51
-77
28
-45
62
90
55
-11
-100
87
-62
-55
-48
-38
74
-84
95
40
70
23
-69
-4
-65
-46
74
-22
-94
29
-18
-72
50
-44
75
-48
-6
-50
-62
20
91
49
-56
-77
88
-2
5
93
-16
-65
72
4
-34
30
60
-58
-22
26
-14
43
-33
-30
33
-10
39
70
-66
-89
-26
-25
-59
-79
-17
22
-47
-61
30
-32
92
0
-73
-50
-25
-41
-31
-65
-16
-59
92
-78
-78
77
-46
-40
-50
28
61
71
-97
-88
-37
-26
37
92
31
11
-75
-92
-72
94
-9
-34
46
-62
-29
45
-19
9
-1
-48
3
90
-39
-1
40
5
-50
-63
-46
66
56
-96
-67
-7
0
87
-57
47
-47
56
-63
45
-48
79
98
-82
-76
-26
-8
-56
-73
-98
-75
-27
-99
-17
77
-44
69
97
-28
31
-54
27
33
37
-80
-26
75
-62
86
-67
71
5
-40
8
-61
28
-61
18
-28
-87
-76
9
72
99
-100
-39
7
-5
-68
-26
-99
68
-74
99
52
58
-83
27
-54
-8
40
-44
-52
25
-51
85
10
44
-40
93
84
-34
-59
-59
15
-97
77
28
12
58
27
44
-29
-93
-5
-49
19
39
77
89
26
71
-51
-60
-99
25
-79
-10
-12
8
-82
61
60
81
-46
-28
99
71
77
33
29
60
75
-93
80
-46
-89
-17
96
38
-9
49
-70
-43
97
-97
-56
43
-40
-5
-96
34
48
44
-46
80
32
-7
32
78
-20
47
40
-18
91
-70
93
-37
-25
-17
24
-69
23
-68
65
-45
74
50
-13
-78
-5
37
-9
48
51
96
61
-79
25
-63
18
-21
29
-87
-14
-19
-96
80
-2
-11
-13
-34
-17
16
-57
-81
-64
-24
-67
9
-47
-73
26
98
-68
6
37
82
-41
67
53
65
92
-37
20
-8
-88
51
52
45
-69
-46
47
-50
-10
-15
-70
76
-40
-49
71
-63
-50
92
-6
27
89
32
-53
-47
-76
82
78
33
-53
-17
9
30
51
-39
-31
44
-64
-66
-12
-93
-31
49
64
-16
41
30
95
52
-36
70
-74
-2
-2
77
-46
68
-56
-29
78
-78
10
11
-95
19
-29
-69
-48
-40
-39
-47
-23
3
-98
-73
-74
48
81
-70
-53
-23
97
53
8
45
-56
95
-31
43
28
-76
20
-44
-11
-2
62
-24
22
-79
84
-74
99
-14
-57
-12
-52
-30
0
50
-93
42
66
93
-80
34
-47
13
90
67
-38
-49
-48
85
-47
-1
67
77
-94
55
84
-78
44
3
-47
41
47
-94
-70
-40
-4
-60
3
70
89
73
53
63
46
95
-36
-17
64
-75
31
-34
-14
-9
63
52
94
-93
97
-56
-77
68
12
54
-90
13
-76
-38
6
-84
-9
93
-16
-43
-97
45
-21
-2
54
-82
-93
-86
84
38
34
61
58
-13
-74
98
99
-8
5
-21
77
-57
-100
7
-4
-10
14
-65
64
52
-58
11
-33
-36
26
51
-68
35
-34
49
27
82
77
89
-70
28
-84
98
-52
6
21
-61
1
44
-69
-40
75
23
65
-27
-40
-55
-91
91
-19
25
28
-94
-93
51
97
31
-95
-86
69
-9
53
-37
49
6
-94
-72
97
-70
22
-66
28
-41
-47
46
-43
-99
-63
14
5
-46
-24
16
98
-49
-66
2
-81
74
12
-53
54
46
62
30
79
99
2
62
98
84
-42
-8
38
-50
-59
-27
29
83
7
-63
21
-19
-18
92
88
11
40
43
-9
-78
32
25
-13
-96
54
-62
45
10
78
72
92
-43
-13
-23
-43
-78
-89
1
-11
78
-71
22
-74
-44
17
-73
-64
-78
-42
74
-32
89
-39
58
63
84
-78
-13
-35
-7
-78
-86
-33
14
-65
-87
-88
63
-96
84
-29
-33
-68
24
55
39
-77
5
32
10
98
14
-46
-38
-26
-37
84
61
-77
-59
-10
53
45
39
55
-38
-90
-24
-23
-3
5
-92
35
58
22
73
41
17
-81
23
-73
69
53
72
-11
87
12
-94
-76
-97
87
-91
73
-47
-16
38
44
-89
34
-13
51
75
-6
91
90
86
12
0
-70
-60
-60
67
27
63
13
-34
72
-46
-18
-31
-50
5
-89
-71
43
-65
-84
-46
-81
64
-49
-20
27
-28
58
95
68
13
14
50
-59
-36
93
18
-11
-89
-69
-8
-84
-74
-1
69
-88
-80
-53
-32
-41
3
28
-98
61
77
60
-39
-44
-79
29
-68
95
11
-58
42
-10
-81
31
79
82
92
98
42
41
60
48
18
-7
29
-15
3
13
26
-32
27
-44
13
-79
89
38
1
-11
-63
-7
11
-93
34
9
12
-16
-40
18
54
-74
57
54
-65
90
49
-8
35
72
0
43
-4
-36
28
58
74
71
61
-48
23
-94
75
-43
77
32
24
-55
22
16
-72
-64
-88
-84
95
-22
76
47
46
-15
54
-98
-6
-12
-56
-81
37
-96
-63
-27
19
-5
-50
64
-99
49
36
-85
81
-6
-30
-1
5
16
71
-30
-70
2
5
-52
-63
-34
49
-75
21
83
-33
-36
44
-49
-39
-6
51
78
39
5
-12
22
-26
91
-28
-64
-56
32
3
57
-37
13
59
18
-60
11
-20
10
91
25
17
26
7
-29
91
-31
-45
-1
89
-99
6
76
-64
-27
-4
5
13
-79
91
-38
8
45
47
-4
60
-13
84
-2
68
-32
51
-40
-5
57
-9
-44
79
-41
-69
-50
13
65
-19
-60
37
29
14
87
56
18
-74
-89
14
-56
24
71
53
-11
-21
-87
-40
-66
-13
37
81
54
-72
-91
29
-53
54
-99
7
-85
-59
61
97
-74
53
-9
53
-88
-60
45
51
16
79
-14
-77
-61
-22
40
34
-16
-54
-69
-90
-70
-67
-54
-66
21
12
-77
-77
-87
69
-54
-54
97
44
61
33
-55
64
-73
-24
10
66
71
64
-98
51
-41
-75
27
-69
-80
14
-69
-65
-77
-96
9
-42
-18
89
-72
-46
-80
-33
53
-54
-39
43
-71
-98
-32
43
99
-48
36
27
-18
72
45
85
40
-74
-79
-48
71
53
29
