-72
1872
-67
-93
9
-49
42
-82
78
-11
72
-77
-92
29
-48
1
-49
-48
-49
-54
79
-68
35
-98
88
-17
-19
-79
-89
-89
78
-100
94
-34
-29
86
-88
-49
-55
11
55
-90
71
88
-27
89
20
42
79
92
4
-54
92
98
-75
-73
97
74
78
-65
47
71
-79
44
10
1
56
88
-4
-89
3
-5
-9
61
62
-19
-17
48
-68
7
54
-10
37
-33
71
32
-81
8
-50
-18
69
79
-30
17
12
-75
-79
68
85
-43
12
-58
2
16
-17
-63
-69
34
-90
-68
-27
34
-13
5
36
-43
-21
11
-35
35
-86
55
-28
-5
-67
37
-42
-7
33
-25
88
87
-87
-40
37
-50
21
17
-63
14
-36
-76
44
-69
94
-84
68
-65
-20
-63
-59
41
7
-88
-95
-37
62
44
20
-60
93
-65
47
14
-34
81
-74
-34
-24
-93
-46
-39
57
-7
-99
-8
8
-57
82
-87
-75
46
26
-88
-5
-8
-53
43
-86
-41
-68
-73
-27
17
5
-68
66
53
-88
-6
-37
85
49
40
-71
82
-45
-73
-56
31
73
71
54
-86
-6
68
-24
-1
-88
-93
2
54
-52
73
79
13
-17
-23
-48
-25
-8
77
-70
38
-91
-86
26
71
-13
31
25
-30
37
9
-66
-86
-62
36
86
93
-84
-3
64
87
-27
11
77
76
-59
-15
-48
-76
39
-40
-62
95
-3
4
-3
-2
-24
71
91
-79
53
78
-26
-10
-46
-29
-55
-1
-98
-89
57
-86
85
46
28
-21
19
-83
21
-93
58
9
81
40
26
-70
20
53
22
-41
-75
-50
-69
-38
-72
63
-39
46
59
-14
-85
-16
-59
-66
11
-31
81
-34
-13
65
-27
24
-83
-95
95
34
39
-32
65
-93
82
70
-50
-58
-94
-42
-9
-29
-11
55
-99
-29
81
-68
24
-62
22
9
88
-53
3
-68
27
36
-94
82
30
29
88
-84
41
8
45
-20
35
-1
-87
-59
-43
-9
35
-32
-97
-56
-32
11
-78
-38
37
-11
-32
89
65
-74
27
-1
-10
-26
68
-35
83
-2
97
-46
-78
14
25
0
-15
46
-35
-26
-74
42
-48
-95
36
-85
61
31
-35
-53
74
-27
41
-3
38
78
-76
-33
21
-14
44
56
65
-39
63
19
37
-82
10
41
-64
70
-42
41
-36
16
-59
-1
-86
-40
4
64
-45
-90
-72
35
59
27
-84
-11
5
-91
16
-38
88
-41
-85
-57
89
-51
43
20
42
-51
-63
-59
-12
-45
-24
67
-62
-30
38
-44
35
-88
-81
-100
-18
-4
54
-65
-77
46
86
-82
91
-2
57
-83
2
92
-56
-91
43
13
36
-89
-84
-61
26
-13
40
-24
24
80
-62
34
-43
-43
9
-37
-21
86
-62
-61
34
-51
-28
-68
59
8
-59
-35
86
84
33
28
-92
-73
61
-91
71
62
-18
-50
20
5
-53
-29
77
9
49
17
-98
-51
63
-92
-39
-19
-78
-67
-16
-77
-36
98
69
-42
23
5
78
73
11
40
30
-25
-52
-70
-45
-25
-87
3
-79
-25
10
92
95
-28
-93
-69
47
-60
-54
86
14
-1
33
-19
80
-43
88
12
17
29
-35
-85
2
40
-73
-58
61
-62
-69
-58
-66
-42
-54
-54
-100
-76
-68
74
98
-18
41
-80
-80
-84
90
-14
-21
15
-19
-48
73
55
51
69
18
-98
67
-61
-27
-74
85
-72
66
-87
27
-33
80
-85
92
-4
-100
-63
91
-100
30
84
-80
-3
-47
98
19
-56
42
96
33
-98
-63
-22
-31
-62
65
-8
70
6
-27
-85
90
32
88
-79
-77
93
-52
-100
-78
-26
28
53
74
-92
-75
73
23
-98
-78
69
11
-88
-39
-52
-86
-81
11
21
-44
-40
31
21
96
-16
66
65
-63
88
-66
-17
83
84
44
-96
25
60
13
31
82
13
70
-72
-88
-90
42
-63
-36
52
-30
-1
-33
73
-48
-12
1
-40
58
-35
-49
15
-99
-38
-91
-86
-14
-58
37
6
-51
-11
-97
-99
49
-16
37
-5
50
-22
-86
-18
-1
72
-77
5
66
40
-59
29
-50
80
-79
61
-60
-100
21
9
99
-47
-89
-14
-6
-18
-11
93
-9
29
34
-27
-10
79
29
-47
28
-53
-83
-70
20
-58
-18
20
-29
64
-22
73
27
-32
-2
0
-77
44
90
21
50
74
-9
-72
2
30
-44
-65
-26
49
76
-30
-27
-57
38
-35
38
-44
94
-90
-98
87
78
-97
65
7
57
63
59
31
50
-23
81
-89
26
-93
-16
99
15
-21
-84
50
-82
-2
84
-68
-62
32
-88
31
-77
-99
-96
-82
9
-60
-64
-91
6
70
21
14
18
-34
85
-72
54
87
-60
64
22
64
-21
5
22
-92
-28
65
-84
-47
-93
-15
53
99
-48
-7
-33
44
31
83
-43
-20
-60
-63
3
-30
61
-83
-86
-20
-45
65
58
-14
94
17
-2
-12
-24
-27
-57
-65
55
27
86
88
43
-89
38
44
79
14
5
83
-95
-8
11
22
91
-23
-4
-52
47
37
3
76
-97
65
-45
8
-65
5
20
48
-9
16
97
61
-58
-59
53
-99
-23
51
-9
72
41
45
20
-2
-87
-23
16
19
78
40
-68
-47
-55
-31
-75
76
44
33
-50
-25
-14
-82
35
3
-86
-3
44
-93
64
-55
-83
36
-29
99
-51
-77
-95
73
-86
-70
-54
0
-70
20
-65
3
-17
59
-22
-19
32
-32
60
-52
-23
-31
-10
73
-40
50
-13
72
58
98
-2
28
22
-46
-21
63
94
79
-16
-69
-36
-60
87
27
-77
18
-58
14
-47
10
31
-59
-22
75
-38
30
6
88
-66
-51
26
-63
-17
35
77
-56
-17
-78
36
99
69
-68
30
-49
-78
-33
23
79
88
19
77
90
67
-92
-27
89
45
89
20
-4
-9
44
45
93
-47
88
-42
-74
26
79
89
56
43
-73
-19
-55
21
47
62
-84
46
80
-61
90
71
-86
-47
-85
-41
-64
28
50
45
-16
-69
49
35
-30
-81
-99
97
-65
23
-13
-14
65
-73
-73
1
5
-24
-80
54
96
39
60
98
29
67
31
37
58
-54
20
-44
76
10
1
-81
15
20
54
43
-67
74
-30
80
42
-53
42
-31
73
43
74
68
48
-45
-86
-15
13
-62
59
-21
99
42
30
99
-100
-100
-73
0
-4
-51
39
-28
59
24
-81
34
-75
-30
-91
34
-12
48
-66
41
-63
-9
29
63
64
16
-44
-100
90
4
37
45
-6
86
-12
-32
-15
-29
58
-91
6
-2
48
-65
41
-27
-4
-89
-35
84
85
-26
16
59
-59
18
-67
39
-7
29
73
-26
46
15
43
49
29
-10
-9
42
26
-77
84
-78
29
-97
9
38
-87
99
59
57
-84
16
26
10
29
-46
6
-72
-81
-20
-56
-2
39
-21
-67
54
51
9
39
-80
44
20
-65
9
40
94
-9
35
10
21
48
-35
24
-15
-86
60
32
5
-99
-32
-19
22
65
66
-38
-38
-99
3
99
85
33
-32
25
53
63
70
45
93
-48
61
-65
83
34
81
-67
16
-15
-79
-89
-25
52
-90
-61
63
-53
-67
26
53
-68
48
-81
-97
25
32
-13
76
30
-73
-2
-58
-73
37
-68
-7
48
59
-77
71
85
-7
78
24
89
-61
63
30
28
90
-1
-9
65
87
69
-33
54
23
19
-77
-78
-30
-43
-43
-74
59
-26
94
-38
-98
-94
-83
-45
49
94
58
-56
-81
-15
-82
-34
64
-89
10
-22
-5
-57
49
29
88
-70
-95
37
82
15
-97
-87
52
65
17
-3
87
79
43
15
78
-78
-20
-54
-37
87
-31
83
-7
1
-43
49
9
-45
39
56
-46
-35
79
-36
3
-72
17
-90
-97
-65
-56
-32
-82
-59
0
-77
82
57
96
-41
93
12
-9
-75
-15
-49
-18
-57
-65
6
99
44
55
-22
-46
78
-22
-76
12
54
-33
-51
-14
-85
-72
98
-55
-89
-4
-20
-100
46
-24
-41
-69
10
-95
-94
-28
68
35
-64
-69
57
-11
37
-70
-76
-90
20
-68
11
8
60
-100
6
52
-3
24
-37
72
3
86
94
21
-78
-25
-5
-79
27
43
-47
65
23
35
-32
-53
46
-2
83
59
86
78
66
35
-67
81
43
74
-71
15
4
78
-22
33
33
-30
32
-74
33
-67
91
61
38
43
67
-33
-49
76
-80
91
-43
43
-6
-33
37
-89
-10
-59
-9
-53
-62
-65
88
-85
93
-10
80
-12
-13
66
-97
-19
96
24
13
-7
-46
9
-90
-40
95
57
77
-84
-32
39
-95
-14
19
76
-2
22
-41
-46
-86
-42
14
75
56
82
99
69
-37
-4
9
28
-29
-99
46
-95
-64
97
-81
-22
57
44
-36
-22
45
-56
94
-2
-48
-61
-22
-56
-82
59
-22
-41
-39
46
-26
-53
-52
-39
-68
94
-31
-14
-73
85
51
-59
-58
-85
-19
88
86
27
2
91
-52
1
91
-57
8
99
-94
52
55
-86
-34
-68
40
47
10
-50
-56
54
-74
69
23
-46
-61
75
-84
-95
33
20
62
-72
-73
-33
79
1
-26
-57
74
28
-78
-17
42
-93
-63
-18
13
75
7
-80
1
28
-85
-67
52
46
9
-87
73
67
89
-89
-4
-38
15
61
6
-74
-19
-1
67
-96
-28
55
-89
-20
-76
-74
69
80
43
77
-85
-28
41
56
-46
5
-35
72
5
40
77
46
-61
44
-2
47
50
-62
-69
-10
86
-32
-75
70
-12
7
55
-3
-60
48
19
25
-51
-84
15
-43
57
30
8
-90
-37
16
6
1
39
-18
-44
-95
-38
-75
97
90
55
14
7
-56
-79
0
97
39
2
67
27
-47
-31
0
48
15
-74
95
-74
34
64
-12
97
-44
64
-87
73
-5
1
-85
-21
56
85
96
-23
-22
-63
58
8
-40
-36
-34
25
-81
-42
79
-21
-37
-98
-32
-93
-24
-19
16
