-8
4455
-12
-3
-81
94
50
-89
89
59
-38
-55
12
47
-39
27
96
-70
0
-16
35
2
1
-79
-91
-55
-85
6
84
13
84
24
-91
-35
-22
67
-43
-51
7
-26
95
-60
42
-91
-95
-48
38
47
86
45
-71
-56
-18
-58
94
59
-57
-37
-39
13
-29
43
-33
12
-71
-79
-19
4
-30
-47
-6
38
40
0
82
97
23
79
91
-13
-100
25
-88
-3
61
-90
-100
42
-63
30
15
75
-73
55
-87
-50
-77
23
-83
4
85
-87
13
43
-16
-51
41
-15
-11
55
-68
43
90
34
64
-69
48
-40
-21
-98
-46
-42
42
47
1
11
65
-65
78
23
-92
-92
-95
80
66
-91
80
65
-2
80
-46
72
1
-28
-99
81
-33
2
2
-47
-37
-100
98
-51
68
-97
15
76
53
87
-41
14
75
-71
-94
-1
16
-93
-30
89
74
-9
22
83
-80
73
-50
-26
-73
-89
74
8
85
58
-78
70
91
-81
-63
-11
-58
-38
90
-89
23
76
-20
28
-97
-40
19
-69
64
68
-44
85
23
-30
71
-87
98
-77
65
-61
30
-20
-88
0
24
-59
-94
-67
-82
-50
-74
-5
25
-10
-41
-21
72
-64
33
84
-43
69
43
-72
76
20
31
-58
12
20
-22
1
19
-69
-91
3
-67
-75
-96
85
-61
-74
-31
99
-71
31
7
-38
30
40
45
-21
-20
-100
-21
-59
21
16
-3
30
3
23
45
-45
-13
32
-1
14
-35
-54
74
58
23
23
-86
-30
65
3
42
-82
59
95
66
-17
-92
45
-46
45
40
14
96
96
60
-39
59
55
-26
-83
-80
-46
97
5
8
-56
-47
10
90
7
-71
-37
-29
19
80
-67
70
-39
66
-33
-9
34
58
16
8
74
-38
-47
80
94
-21
-14
11
74
-81
-7
-100
89
-11
16
-75
-2
91
-13
78
-61
-52
-50
88
-90
-11
-44
10
-53
76
-5
3
69
-80
52
69
-79
-98
98
13
50
-27
41
18
-12
85
-47
13
-52
46
54
73
83
51
-69
-43
6
-58
68
-79
-54
-13
93
-91
59
-80
-71
-47
24
-88
-78
73
47
76
83
67
24
43
-56
62
23
67
-100
-76
76
-30
32
55
-87
-42
-51
40
38
87
85
-43
-94
17
19
-87
62
-79
16
83
99
28
36
-56
8
99
-43
-9
-64
-97
72
-94
-36
93
47
41
-28
43
15
-48
7
10
90
-32
-81
-51
-54
-20
96
58
-56
-26
38
94
26
70
-79
84
5
-13
29
87
-46
-2
-27
11
-35
-12
0
77
-92
49
-33
-31
-13
68
18
-60
22
-23
67
-70
35
-67
86
-64
-46
-79
-49
-66
-59
-45
11
64
46
69
-20
96
-14
53
-95
-5
91
-53
-64
57
95
48
70
35
-61
39
41
3
-13
-84
-38
-88
83
-100
-59
-86
-4
-89
-17
-67
77
-90
-28
-6
-65
20
17
9
38
-86
60
31
10
69
-73
-13
98
80
36
60
88
74
-19
87
-49
82
89
9
-69
-94
-86
31
64
12
-88
-71
8
-54
51
41
60
-38
98
37
-15
82
84
-33
-50
-69
57
-74
8
56
-42
-77
-9
-69
44
-7
41
42
-36
-66
80
-15
-10
37
-100
-42
-80
18
35
-31
-63
-80
-84
-2
-65
-67
99
-25
46
-68
41
77
-100
-84
79
-30
-55
48
-32
57
-33
-94
-48
-73
57
10
43
60
23
43
-84
28
45
76
-77
71
19
5
51
70
59
32
18
-56
82
13
-62
-19
64
-85
76
51
90
54
-29
-73
-86
62
99
7
-83
-84
-86
-18
-50
82
14
-57
31
-11
72
-71
51
-19
73
-61
-77
-14
-73
-13
17
89
-12
-88
44
8
91
-9
50
-89
95
65
-59
-88
23
-56
40
9
2
85
96
-83
74
-40
-100
20
-98
-62
69
22
42
-12
70
84
29
78
-43
22
-86
47
-55
-33
-28
60
-53
-73
56
-91
86
-78
-47
-75
-37
66
0
63
-55
-72
14
61
81
96
-61
66
71
-57
-5
-25
-31
-30
25
27
-20
84
-70
96
-95
10
-50
-21
-73
-10
53
22
-19
88
-39
-87
87
27
-25
82
71
85
12
-68
-18
80
-89
-63
9
-63
89
11
64
-86
79
-32
78
68
82
-40
-59
-62
42
34
-66
-79
-21
-60
21
47
-48
65
-61
-47
51
85
-68
-22
-60
-99
45
-20
32
71
85
-71
85
-98
74
-50
-64
63
92
72
41
64
28
-8
24
39
55
-15
83
36
-73
99
67
66
-55
2
-2
-98
-98
40
39
-8
-58
71
-35
-72
70
-65
-45
83
75
95
99
-11
-13
17
-34
14
66
15
83
-89
-81
13
40
4
37
-28
55
-31
-65
73
-78
-4
-88
19
49
97
-96
-9
16
18
34
-55
-44
-6
52
66
-62
-4
51
54
50
-98
78
-16
33
53
60
-65
13
-81
-92
53
-59
-73
-99
52
-15
-26
8
72
8
50
89
-33
87
-40
14
47
-24
-63
4
74
4
-80
69
-31
93
29
58
89
36
81
-95
-61
-44
-38
5
-53
34
-8
60
96
-49
-54
24
9
-48
-5
90
-77
23
-49
-29
-71
-98
26
51
-24
81
-53
94
82
-96
53
-31
-97
26
40
27
96
31
-80
51
94
49
78
-51
-33
-71
31
84
57
1
20
-23
38
-35
92
5
26
-33
-71
-66
-30
-68
-90
-34
50
-35
99
95
56
-80
23
27
23
-1
67
57
-26
-68
14
11
2
-69
77
20
-24
16
36
87
-94
9
38
19
51
16
-89
34
-21
-87
-50
-15
-38
-33
34
78
26
40
18
51
-81
-60
-6
-100
-11
2
-50
51
-41
-95
-8
28
61
54
86
-11
-41
18
-45
72
77
-88
55
-63
-53
-89
74
91
55
-38
60
98
-61
32
-91
-65
55
-61
91
-44
-53
47
-94
6
60
2
52
40
72
-29
69
-38
-40
14
-5
84
15
-38
69
12
39
68
39
-57
3
-50
-93
52
-10
98
61
17
-91
-79
-75
83
48
76
-16
-56
-70
-4
74
72
40
-64
39
-34
5
10
39
-35
-58
-22
-87
-60
-24
-5
-10
-64
64
-100
73
-95
-3
3
-93
-89
40
-56
-10
25
45
-47
32
-70
-86
-76
6
-21
-37
-90
52
-17
-12
-28
-2
-72
-53
70
-2
-100
17
-71
-35
-92
-71
-5
-51
-48
3
-47
97
-82
-74
15
-29
-86
52
-55
-13
-44
80
69
-51
-61
99
-96
26
78
-78
-43
42
-49
-28
-72
14
-68
71
31
-15
30
-13
-73
-34
-35
-30
28
56
-44
-59
-52
70
29
53
-5
10
72
-90
-87
-100
-3
-67
78
59
-57
25
91
80
10
28
-82
-33
53
-29
-21
49
-39
60
-46
6
-21
-13
56
62
50
49
-28
5
-67
72
-70
-22
-77
51
11
-37
12
-60
-23
24
-61
-47
-87
-33
-16
-82
-86
70
-63
71
14
79
48
-14
-55
80
73
91
22
-34
-38
6
47
-71
45
-33
-18
10
44
-60
-48
17
95
-96
14
75
-36
-35
70
-63
21
26
-77
45
-17
-40
11
-87
-47
-98
-42
34
64
-84
24
-61
52
26
98
-65
-96
-43
63
-49
37
-6
-21
13
-82
27
21
-53
23
1
23
90
40
-45
-27
-36
75
22
-39
-65
-85
-86
-7
64
12
-84
-38
-91
67
-1
30
23
-69
-11
70
89
-91
-66
-32
-11
91
-49
-47
-95
-91
-1
-36
62
21
88
4
44
88
-76
64
-13
17
10
27
-98
-27
-31
-48
97
-35
-10
-52
-77
77
-34
-53
-21
-11
-6
83
-81
72
40
16
53
48
-40
13
-47
45
-78
87
73
-48
82
6
-68
-94
-78
-55
0
64
-21
-16
60
-8
89
20
-53
-6
27
-15
69
81
-86
-66
-45
-100
-20
40
-22
-12
10
-68
-26
-24
-60
-60
-34
-65
18
37
43
64
-86
-64
-90
-61
-75
73
-56
66
-63
59
-81
82
-21
-8
47
8
93
-96
49
95
-27
97
94
12
79
40
-40
23
-40
-61
12
-67
-25
-4
14
91
21
84
80
48
31
-69
81
21
49
-93
26
-4
58
37
67
6
39
-16
96
-64
-62
-48
-56
-42
-30
50
34
70
90
-61
-50
-54
-72
78
-60
-57
38
54
-18
14
-25
77
57
75
96
-31
-61
-68
51
-65
-51
-85
-74
23
75
91
34
-14
81
-43
-91
22
20
-87
98
-3
11
4
-43
48
69
24
8
98
85
11
-92
59
35
-87
93
6
-44
-77
-35
78
-75
-71
-61
49
40
34
84
29
44
-82
-62
94
-1
-47
25
-95
-71
-86
7
-37
-64
-48
-4
42
-7
78
9
55
-56
50
79
-86
-36
77
97
-76
55
-60
-13
80
-19
-100
60
-53
-57
-36
46
-74
-38
-66
55
61
89
-66
47
95
-22
-47
-78
99
59
-63
-76
73
35
59
-26
-35
-90
-52
-11
24
-9
16
-30
-54
69
9
-52
87
44
-81
-42
65
44
-18
-26
0
-51
-51
-15
20
-94
-74
-65
-91
8
95
-75
-8
84
-40
-5
-73
62
25
-45
19
-33
-7
-40
64
-76
76
-96
-86
-14
40
91
61
-50
-36
-72
-35
-27
-70
82
-57
31
59
39
20
71
-83
89
-12
29
-82
54
16
-42
21
54
95
35
97
-3
-40
30
-92
-49
-65
-95
-31
-87
73
47
49
-58
8
50
99
86
57
57
-76
30
31
66
45
67
-9
-57
-98
-84
25
72
14
-54
32
-2
-47
-14
-23
49
2
20
2
83
-23
69
10
-93
0
9
-91
2
91
-3
-17
17
93
-53
10
-3
-77
8
30
67
-83
31
76
-73
82
19
84
-92
50
-68
-10
86
68
40
-32
-98
21
41
72
-24
-59
-6
11
-23
-31
74
71
-53
-38
-27
56
-87
-84
-15
17
88
38
-25
-74
77
26
-44
-44
-71
-93
-80
-9
36
-27
-22
65
-62
-27
-46
1
-99
26
-2
-5
-72
11
-84
84
95
-26
84
-7
50
-22
70
-19
76
93
-90
18
-96
6
-2
36
74
-80
-33
52
60
-36
69
35
47
-90
-91
-20
89
-29
-25
-75
22
-93
79
-13
54
5
17
29
61
-14
-34
31
-37
70
44
14
-12
-25
-47
-77
32
41
-62
83
70
-87
15
-57
83
17
-69
-70
-75
-45
43
63
37
17
-17
-51
-51
-41
-97
72
39
16
-41
-79
-70
-7
6
-95
15
28
-75
97
28
-9
76
-63
-60
8
27
40
-64
-14
-62
68
-70
40
-22
-59
-38
5
15
19
-39
-36
87
40
-78
-35
76
-8
-63
-44
-65
-93
89
-60
-6
35
-45
41
-21
-65
-52
35
51
-70
73
-46
5
2
-71
-98
-55
7
-63
-22
46
3
7
95
49
37
74
-48
-21
-81
3
-17
-80
80
0
1
-90
-54
46
-61
-63
75
-64
16
74
63
-93
71
-74
29
41
-3
-31
15
-13
-52
87
4
-95
6
86
-19
3
26
78
34
62
71
-28
-40
-100
19
16
49
80
-73
76
55
95
-15
4
-60
84
99
97
41
10
-7
-24
-90
-46
-22
78
73
92
73
-70
36
-45
-78
-90
82
5
-88
-70
-25
29
14
74
-55
-33
-87
-92
-71
65
72
70
-13
34
-5
86
-44
-1
16
12
64
-49
-43
-32
-63
48
77
40
-72
29
-91
-99
-76
16
-69
98
9
-43
-58
-79
4
-93
-9
-26
97
18
-23
-43
95
-8
55
15
-49
-62
54
-8
-31
-32
58
-56
44
79
-18
-47
20
-16
31
20
-30
21
20
-24
55
51
58
31
66
9
1
90
-20
56
88
-27
-10
53
-85
-74
40
14
63
-67
-21
-86
-15
-87
-92
-66
61
63
-6
38
51
57
44
-4
-93
-55
42
58
94
-21
-5
31
76
-5
99
-7
-91
-86
28
-55
73
43
35
49
-87
87
-43
-2
86
30
-55
-63
-96
41
72
72
86
95
76
18
11
-48
93
-35
78
-4
88
77
66
-6
81
-61
54
-79
-11
21
24
-79
6
-8
49
-72
-46
71
-2
54
57
-80
-71
29
27
98
90
12
-96
21
1
-65
55
-70
51
21
41
-1
-11
82
-87
83
-82
8
19
-67
25
-55
67
-20
46
-99
-28
10
-69
88
96
-97
22
-61
22
19
26
21
-29
27
34
99
-98
96
-19
-8
-76
96
59
-73
78
41
-68
-30
6
-26
45
34
-36
-42
30
-48
15
76
54
80
-69
33
-66
-12
-77
-40
64
48
75
-32
29
57
79
-91
78
-78
-2
-83
-42
-86
14
38
22
-56
-64
-32
15
-66
28
17
-98
25
-16
58
-93
29
-34
23
-88
30
67
-56
57
-7
-66
21
97
99
-94
22
-21
48
45
8
-58
39
-67
27
-46
-9
54
-41
-62
-86
15
-88
81
-6
-43
-37
73
-89
42
-92
62
38
-71
-15
-91
-96
24
-16
95
-83
-4
2
-18
-64
-58
-94
72
-55
-98
-70
-64
-77
89
-98
49
54
-83
-38
10
-21
-13
-99
45
30
61
-70
-66
19
80
-26
-71
-53
-36
-87
99
94
-75
-28
-41
40
28
-52
90
85
19
-91
7
-98
50
24
-69
-81
4
83
48
-21
34
24
12
-82
-47
31
30
39
-99
-68
89
5
5
96
-37
-9
64
-73
53
-21
88
56
56
86
-15
34
7
-74
74
-35
69
33
-81
-50
50
66
-13
-75
18
-7
15
-54
-65
-82
-68
-74
-84
-38
72
-93
-12
-56
-66
-76
-9
79
-3
0
-14
35
-60
-21
-96
-49
-75
24
19
51
-92
91
55
90
-97
92
-41
54
-1
74
35
-87
-91
-62
44
26
-34
-59
47
89
11
-69
88
43
19
69
-29
-94
37
90
50
31
-5
58
6
-68
-9
-20
47
78
73
14
-9
-20
-53
98
60
67
-49
5
-4
7
12
-68
53
35
-42
29
25
-27
34
36
27
-83
9
33
98
87
-8
-52
-23
-27
-55
74
-42
79
-81
61
13
-7
-75
8
44
79
62
-84
-77
-74
-37
64
98
-16
-81
-39
19
83
45
8
-33
-8
60
17
-76
81
27
-81
56
-68
42
-64
51
42
62
52
47
55
13
85
81
59
25
-67
-7
-89
-43
-39
-29
9
-96
62
72
7
67
57
-20
88
-29
5
58
72
-37
67
-17
-13
79
62
2
-50
64
75
-63
-1
2
95
-66
98
47
-8
22
-78
-90
23
-45
-100
43
-66
28
85
-15
83
6
47
19
29
-89
-53
-17
1
30
-69
62
77
67
89
-4
-72
-58
-8
-85
29
99
-78
-65
38
-26
-71
17
-51
-97
-41
63
31
-2
74
-6
38
45
-82
18
27
38
-12
-28
73
-27
95
17
-99
64
75
-11
74
87
20
4
23
-50
1
-55
22
57
97
67
-91
-57
43
-16
6
-71
-36
91
48
68
-49
47
80
94
68
84
13
89
69
72
-17
-41
18
-85
74
77
-31
-78
-20
71
-22
-93
-77
-59
-76
-75
-6
-25
-100
26
-31
52
-20
43
-97
5
-37
-16
85
15
-85
-75
-2
60
-25
35
-12
91
86
72
-13
4
13
37
-54
-1
60
-14
-92
28
-68
26
39
-24
23
8
-16
-51
9
71
86
-45
53
55
-70
88
-96
-11
25
-75
26
-34
-7
-88
0
17
-15
-6
-42
-10
-30
76
-67
-1
50
-20
49
39
-9
70
26
45
-50
-47
22
24
20
54
-82
-90
-25
-31
-77
-17
86
-41
94
-37
36
-70
70
12
-6
-77
2
-26
-56
-70
99
-2
-33
-53
-13
-83
53
28
74
-32
-23
44
97
39
64
98
26
-55
-68
27
33
-43
87
6
-43
-86
89
10
-42
-61
-65
-26
9
-9
-96
-66
-54
15
-43
74
-54
84
11
-23
-21
-65
26
58
60
-74
-36
-77
-47
36
45
99
-31
-70
-38
0
-86
-81
25
27
5
2
10
59
-42
54
43
49
-65
-46
-70
74
6
70
68
77
-35
-29
4
10
61
-97
-52
-86
1
95
-67
-65
66
-28
94
-38
94
-12
-6
-6
-90
-2
5
-30
-27
-9
-37
56
75
76
-74
68
15
32
38
-98
-8
34
9
-72
-52
-79
10
50
90
-83
-26
58
-96
-7
4
-1
-56
21
-87
-90
-85
47
77
23
-6
11
58
72
-28
87
24
-77
59
41
-62
89
13
76
-66
85
14
39
79
-15
62
51
10
-6
91
26
84
29
88
15
-32
5
-10
31
50
46
46
-9
10
-93
-49
79
-20
48
-53
69
-8
2
-5
-45
-70
-11
52
34
-49
23
48
15
-4
17
-23
-62
-15
90
23
73
60
-56
1
-21
-48
-34
-96
88
-14
99
43
-21
-30
97
81
25
87
-53
-88
34
-59
-23
17
-88
-88
6
-58
-41
-53
-44
-45
74
18
-79
13
-53
63
-52
20
-78
81
-87
69
-31
-77
-84
72
9
51
-28
-28
10
12
-84
22
-1
27
81
-62
40
-80
23
40
37
18
-93
6
38
30
-67
93
92
35
98
-18
-78
92
90
-73
8
-84
-46
1
-79
-44
46
-58
55
-6
57
-55
-60
46
-15
-85
-15
-18
20
-21
-11
25
-32
40
-41
-61
73
-22
21
32
-8
9
94
-72
34
-73
-73
13
81
33
53
33
-77
8
-27
16
-4
45
13
-3
-85
-13
-1
45
-90
-79
-99
-39
76
45
-46
-10
54
-8
-85
-95
-49
98
52
-36
-89
-90
42
33
60
-81
-57
-57
-6
-72
86
-41
-57
33
-50
93
6
57
-86
8
-100
-92
-49
-92
62
42
65
56
-53
95
42
-73
-87
21
58
18
-44
-25
-4
75
-43
-83
19
-7
68
37
84
37
8
88
46
-71
5
69
41
40
-69
57
-31
4
93
52
42
-40
98
84
-42
-51
16
-7
91
-14
-59
91
91
62
-81
-18
-68
39
-47
24
17
-90
6
-10
70
49
70
-95
-99
46
89
84
16
60
38
51
21
-64
-31
-30
92
15
-41
-48
-48
-83
23
-46
12
-95
4
2
70
-21
19
83
45
-65
-64
-69
16
-81
-3
89
-55
-88
26
23
40
54
-6
42
8
-42
-29
24
-30
-38
8
35
20
75
36
41
72
28
-42
-49
-1
-37
-89
64
-99
-13
-27
77
89
-99
-46
86
13
-4
-90
23
-6
41
-13
86
72
70
-39
72
-79
87
-62
8
41
96
-5
-34
23
87
-77
44
-19
-22
-42
-28
-98
27
-60
-52
-34
5
-90
75
-97
-19
-39
-77
60
-1
17
87
76
97
8
90
-42
-49
-39
-75
-33
21
-66
85
-97
-83
-85
-90
7
-64
-75
14
44
-100
33
-51
-58
-91
91
-58
9
4
57
-14
-75
-87
-93
80
22
29
-3
48
-3
-56
-72
-93
-25
10
75
18
-48
-68
39
-45
72
92
-66
21
-41
91
-22
-13
-65
47
47
79
52
-38
-10
46
71
-56
30
-78
-25
25
-50
47
7
-23
-17
89
-14
-51
31
42
-23
-72
-68
-93
-47
-93
-56
32
-54
85
70
-27
42
-71
90
-16
17
-6
66
80
81
-56
83
-64
-50
-17
-69
-85
-85
-16
94
-14
-84
-85
87
-71
60
-34
-33
-62
-87
-16
31
-72
-30
-2
21
81
-23
-83
34
92
-60
93
80
28
48
44
-67
-84
-22
-75
23
35
69
-96
72
-77
-15
35
-91
-5
63
-7
-67
-82
89
21
-7
37
67
16
7
27
92
92
-81
15
52
18
87
-85
22
52
-60
46
86
85
-25
-61
48
42
-56
-17
57
-27
-85
94
28
34
-11
-10
-37
-7
-15
52
65
68
-91
84
66
-24
38
95
-57
51
-9
-65
-2
65
48
36
-9
60
-16
96
95
9
60
-27
-3
34
71
-29
-25
32
-54
9
-21
55
10
30
-43
70
71
-78
65
-18
-93
39
-1
-3
85
-70
69
50
-24
84
0
-79
-8
-70
29
44
-96
-2
7
55
13
-10
81
-48
53
-22
24
16
-26
28
25
-47
-52
91
-29
-32
-43
-9
63
-48
-64
12
38
-25
-32
-99
37
-84
99
27
-33
-17
71
39
-35
92
-52
71
-66
63
77
-88
-51
51
97
82
71
-92
97
-10
-42
-16
45
-92
73
-21
5
71
82
-9
12
65
-71
-54
86
-25
43
30
-87
-80
63
-65
77
-92
34
5
26
-100
29
-69
-96
-17
-51
-64
29
94
94
-99
-26
75
45
-23
21
7
-8
-74
31
-29
20
-71
-56
13
94
34
52
73
4
88
-24
-68
15
-36
32
-8
80
-4
11
39
90
44
-12
-33
93
-59
-34
37
80
-2
-79
-57
59
63
-98
-95
-42
19
92
-73
-3
2
71
31
-61
32
4
66
-83
-76
21
-3
-28
-93
-74
-14
-24
99
-11
66
-90
-81
-93
15
-7
-5
76
96
42
66
-42
27
-41
94
97
-76
56
-73
28
-1
-10
15
36
5
32
68
94
81
-61
35
75
-36
-37
-74
40
-84
-68
42
28
-55
7
-30
-44
81
-52
-15
18
-1
44
10
-39
-86
2
-96
60
-96
-82
-71
72
27
-38
-32
42
-46
89
-25
24
2
2
-18
-22
-80
97
-92
86
75
-11
39
-6
-81
24
-52
-81
-68
17
-74
-2
52
80
-24
-43
-86
75
-47
-97
-9
-38
3
71
23
82
30
17
9
-5
-77
-41
10
-53
-58
-91
68
-80
29
-18
-22
-29
73
66
-60
80
2
-6
-50
94
-34
42
-66
44
-23
44
-47
-81
-2
-47
-6
-53
-22
44
92
-5
37
-52
-8
-50
-54
-19
-20
92
49
-76
-2
49
-23
-37
-80
-80
-99
-26
-70
-10
-86
13
-95
13
28
14
6
-52
69
-52
-61
-67
21
18
50
88
-17
-19
-67
81
-42
32
-45
-92
32
14
-29
-23
0
-69
89
-19
72
79
-58
-82
-89
-88
-56
88
50
5
-53
-43
55
20
61
-90
-83
84
-20
-87
-8
-2
-34
-26
-73
44
66
-27
-69
88
-16
-87
9
-4
-42
-17
32
-80
4
87
-11
-8
-31
-56
87
95
25
73
31
-45
-10
82
-1
60
57
80
-86
86
47
4
64
60
-47
-95
56
-57
-87
66
99
63
-21
58
-59
-69
25
22
-65
-99
32
-36
48
-47
31
-39
83
-76
18
-86
45
-37
-7
29
18
-13
-42
18
78
-32
-35
-53
12
-50
15
-41
5
22
-83
-51
83
29
-87
-27
93
-54
-6
-67
-7
-53
-59
37
-44
-100
-78
-50
-67
-80
-22
-20
67
-95
-85
8
-17
57
48
-73
82
-18
65
-62
-62
92
44
50
-41
76
-88
-100
77
63
-52
9
-27
-63
53
8
46
21
75
88
71
34
-85
41
-69
-48
-79
65
49
-51
51
83
-9
15
89
19
60
97
9
80
-77
39
-90
80
92
18
42
88
-52
39
2
92
89
-28
56
-79
34
17
94
5
81
-99
41
-14
-86
4
-6
-55
-62
-9
49
-80
-77
27
-72
97
43
-17
-38
38
71
-84
58
41
69
-48
-51
35
-4
23
64
90
-85
-90
29
-57
-48
-70
81
-99
31
61
-35
23
-45
75
29
31
5
28
-7
19
-72
37
-17
14
37
-28
-88
-61
41
-32
-10
-90
-70
4
12
0
-100
31
74
-53
59
5
90
-100
99
67
-69
-44
-35
-23
-37
51
-39
7
83
-10
26
33
-68
-9
61
-66
-94
62
-55
74
46
30
-48
-5
0
-1
-88
92
-37
-3
22
-40
1
-50
-87
1
97
35
-63
-61
-60
50
36
-58
-85
-42
44
-54
-55
29
4
-44
-44
64
40
14
-91
-41
61
43
-67
79
-1
27
90
3
90
-97
-93
91
-68
27
