-19
819
-62
-48
-13
32
-48
70
50
-39
89
-65
29
90
-62
-11
-84
-29
96
50
4
35
80
57
-51
88
-34
-89
38
64
-6
84
3
-15
-25
34
75
76
58
-98
-24
69
-74
-11
-21
70
35
-42
-56
68
-95
87
71
-24
-27
-99
-9
1
-7
15
6
10
-98
4
-69
12
84
-33
43
-36
48
21
18
44
-84
85
0
74
-44
4
4
29
42
29
15
-68
-94
39
-64
-38
-23
-31
92
-62
28
33
80
42
62
34
17
-3
21
-26
-9
-19
38
-72
-2
-77
2
-43
68
-50
-22
24
-18
-37
-47
67
98
50
-87
-11
-34
20
1
-72
-69
28
-96
-75
53
72
20
-46
-36
-28
95
-13
-95
-75
-93
98
-29
-89
-21
9
9
63
-24
-41
51
28
-7
-72
-71
45
46
29
-81
-38
60
-31
98
24
57
-20
44
-26
36
-57
-1
-31
74
53
37
33
56
-47
-21
-5
88
-93
-42
24
3
16
10
62
39
-11
32
-16
-3
-56
-41
-75
-92
-47
67
-4
70
-46
37
-83
-56
57
31
25
56
75
44
55
12
-8
13
40
65
27
-22
-15
13
81
86
-16
16
68
-72
19
56
64
76
5
-94
-17
-74
-58
-26
-64
64
-39
-17
-81
-41
59
-43
-67
-33
53
79
3
-46
-15
-81
54
92
3
67
44
91
-26
10
7
99
-27
89
36
95
-3
89
-49
83
72
-73
-77
-26
46
16
71
68
-71
-36
47
-81
92
-21
-69
-55
14
56
-26
8
65
10
-68
-49
-65
-78
96
66
72
-73
86
-91
15
76
46
11
-99
-3
-65
25
5
40
90
-84
9
-89
89
-65
-95
54
73
-68
1
59
37
-58
-69
58
49
91
30
75
-44
-78
-24
22
6
-16
70
20
-66
-3
-42
78
44
-90
-51
92
4
83
-1
52
36
21
-28
-78
5
81
-7
22
76
-98
92
-42
62
-15
74
66
-51
-94
-83
24
0
13
18
-33
-20
-57
30
-46
-100
-74
35
77
-1
-11
-7
0
-95
19
-98
-57
-4
-7
-56
-66
-92
-61
-28
-15
33
75
50
22
-68
-97
88
11
-86
16
-78
-38
79
8
36
13
8
-96
-20
21
-56
76
55
64
35
64
-2
75
-18
16
-23
17
-6
-36
42
44
-59
-74
-88
9
21
-11
-9
84
-62
28
-89
-90
-25
-28
80
-27
-41
-51
-74
-1
32
5
42
74
-7
-87
-51
-60
13
-4
-94
-99
-34
-4
81
39
-15
65
23
93
71
59
3
97
-62
-79
99
21
-20
34
0
1
6
-43
-57
-52
10
-51
-41
-62
-43
-30
-9
-25
28
-88
-6
16
94
37
-88
59
-21
45
-1
17
-12
36
-84
-94
-38
-83
92
41
-47
-57
-61
82
37
9
40
13
-33
-43
89
61
-97
-32
1
-76
46
-96
18
-95
-47
11
-46
-86
-39
-70
-93
-41
70
53
-79
-6
-51
34
22
-28
41
14
-79
-45
-97
87
-82
-87
78
-28
-75
-84
-23
-75
25
-75
-92
25
69
-22
53
-32
-2
-62
39
-40
49
3
-4
-95
-82
-11
-100
-30
-38
-78
-10
14
-34
48
-47
-27
30
-99
95
3
97
-27
50
8
34
-89
-89
83
51
19
-21
-69
-10
50
-97
37
-46
-11
-24
-85
-77
1
39
10
-20
-51
-18
33
96
0
-27
-66
-92
-15
32
-17
-56
-50
9
-82
98
-63
67
61
64
36
48
90
-94
-13
22
18
-34
94
50
69
43
2
36
-35
-66
-18
4
89
-49
94
-16
48
14
95
2
-89
-58
-27
-30
63
2
12
76
-14
-94
51
-2
-85
-53
83
-27
75
40
-27
19
76
-77
62
-74
75
-95
-35
-3
-99
72
18
90
-14
56
-24
-17
62
38
87
-61
68
-31
7
79
29
-53
-24
-68
-7
9
42
79
54
-37
-46
-60
18
-3
11
-90
-71
-74
-87
-4
55
74
-40
8
64
85
92
-39
8
-36
78
-83
57
-1
-87
98
-58
-22
30
56
99
1
-95
11
83
-13
89
66
12
79
36
-49
91
57
94
-96
-61
-72
-19
55
9
87
80
49
37
-31
-9
-72
92
-54
-100
-84
91
52
77
88
-85
23
73
76
-53
-37
-32
-72
11
66
-33
10
95
-63
73
-43
-43
-30
-4
-63
-93
8
-94
96
69
39
