21
3657
95
-41
5
57
52
67
65
57
79
22
-31
38
33
-34
36
78
7
25
67
91
-42
37
46
13
-68
-42
24
-17
29
-12
18
-71
-7
21
10
-33
89
-56
82
46
-38
-26
78
70
-66
-9
93
-54
16
-34
-63
61
-8
26
-49
72
-78
-56
-61
-78
65
26
15
-49
5
40
-27
99
-95
48
-74
-62
15
8
-98
48
-33
-76
-95
24
-69
74
-40
-47
-63
-63
-84
-51
-35
75
-13
-67
58
21
40
70
-21
-14
-97
9
-63
72
48
18
-75
23
4
-29
30
65
-23
58
-24
69
61
-16
97
58
11
11
48
-84
78
-54
52
-74
-86
-21
91
-50
-17
37
-77
-48
26
76
87
81
11
-74
-91
-87
39
27
88
-12
78
77
-79
2
-98
-37
19
27
26
53
23
-76
87
-52
97
-98
-29
-10
-52
-39
-70
83
-56
8
-83
5
-1
68
-21
38
75
99
-11
94
-14
11
97
36
23
5
89
85
27
-32
-9
34
-85
26
-6
78
-26
59
45
54
-23
63
-62
38
58
30
-25
79
-3
-27
-7
7
86
-93
72
-1
46
-74
16
-33
-33
93
43
-60
-12
-1
65
-88
92
82
-13
97
-62
95
26
35
-68
47
-66
20
20
-15
47
-24
25
17
-44
-9
-2
3
-71
5
-95
-59
-2
5
52
13
58
16
37
-32
-66
25
75
-84
-78
49
-9
-41
-94
99
52
-82
-12
-12
93
73
-46
-62
7
97
58
12
-30
-60
35
-40
-38
-28
5
66
-79
-48
40
47
40
-51
4
67
-94
12
-61
-65
74
-97
-28
14
-27
58
-65
19
23
13
46
29
9
35
-16
14
81
-1
-41
-79
13
60
-74
28
-35
63
-30
-47
-35
89
-86
6
-8
-85
-44
-95
-67
4
-89
-3
-16
99
20
-99
26
-93
-65
57
62
77
73
56
-60
44
-1
-3
80
55
-44
72
71
-5
30
-42
71
12
39
45
-93
-70
-2
7
-20
-82
45
95
-12
-44
68
-35
24
-69
92
83
32
69
38
-1
-35
-44
48
-2
17
61
81
-16
41
-87
62
-12
-28
56
-89
80
-51
57
99
45
39
-39
16
-15
3
-25
-4
-55
89
-82
31
77
-77
-88
-49
25
87
-52
71
-4
6
-37
24
96
-39
-22
17
-43
-49
98
-74
-76
-11
-3
35
26
-44
5
-53
35
-40
68
78
-67
-40
48
-1
71
-15
-73
19
-85
17
-3
-67
23
-95
-52
4
-67
-73
-29
-73
-23
44
-54
-33
50
95
-86
80
74
-28
94
-95
97
-60
-34
68
-11
8
84
10
88
56
54
-49
0
69
-82
-68
20
50
-59
-55
-98
83
-37
17
-21
78
-92
79
-23
47
45
41
-6
27
73
-68
-80
47
-98
71
45
64
-41
80
-7
-19
11
-23
31
12
90
-95
-77
86
-10
31
79
11
84
7
54
-58
14
75
70
19
54
-38
-11
-87
-86
38
64
-19
11
-34
-10
51
40
96
11
-86
72
-58
-90
86
-43
-29
-36
37
-74
-24
95
20
-18
-20
-37
-87
23
42
-39
-69
-72
-53
65
-53
45
-77
97
74
81
94
70
85
80
4
28
-18
-86
-25
84
-5
-76
-32
49
51
-76
7
-35
-12
95
-79
50
53
-40
-49
-96
96
-9
-65
26
-29
-47
-53
90
-9
6
-41
-31
61
4
42
-50
98
65
35
-71
-65
2
68
-15
-16
-46
97
-43
-6
11
11
3
-65
93
11
85
-96
-41
69
14
60
-92
-19
-63
6
-18
-65
-36
34
-16
-88
72
51
-51
-95
-86
75
5
4
84
-90
-88
22
37
31
89
-8
28
-45
0
32
11
-80
-100
-36
-68
-62
-50
3
-31
-35
69
68
-29
30
93
13
92
-63
-95
2
92
95
9
59
-73
30
65
-84
84
44
57
-17
-23
88
79
36
76
38
-7
-62
89
94
-81
-87
12
46
56
20
-44
-51
99
38
86
46
-29
-92
29
-95
0
83
10
-63
10
-36
7
94
-35
15
18
91
46
51
46
94
-64
-37
-24
37
-84
-5
71
-6
48
51
-89
82
3
-40
-89
33
-23
7
95
-53
-49
98
-52
33
11
57
76
96
12
73
70
65
-57
2
96
-81
75
4
-5
-29
-46
-4
22
-3
62
-54
95
7
-68
23
47
72
2
84
-50
-23
42
50
21
-11
-37
46
38
48
-38
-34
-22
27
35
-98
-24
-84
-47
-77
-79
26
-58
-92
36
-43
68
22
-16
82
-79
9
-75
-73
-31
-17
-97
-86
93
-58
54
33
-62
-51
95
83
-56
21
-43
27
56
38
-17
37
72
23
77
66
-17
-11
-61
-47
-56
70
20
-59
-15
-8
97
-71
63
66
-90
53
-32
-8
-24
20
11
57
-68
-85
-9
43
40
-31
-36
-98
47
65
46
33
50
-6
-63
12
-33
-60
8
6
-17
-84
71
16
-8
-78
62
78
-60
-66
39
-61
8
-71
76
-84
-64
-56
15
-50
-51
-25
85
-14
32
-13
-86
30
19
33
70
-2
-36
-14
16
-60
-43
22
-30
-55
-86
98
3
-62
91
86
82
-47
-48
56
11
-18
-14
19
41
-60
-35
32
13
63
-93
58
-87
41
-46
3
19
9
83
14
29
89
-47
40
-57
-78
-54
19
66
-19
23
-90
30
-83
75
22
-79
8
55
-88
75
-24
-9
-16
-28
74
-44
-95
-20
-22
76
-3
-22
-60
6
15
-79
42
6
-55
-27
-53
25
-76
-65
-97
82
-46
59
75
-5
97
83
-5
-64
14
-56
19
-22
-84
-4
-93
-12
97
-31
-48
-81
6
74
-71
86
97
41
30
9
29
-5
-29
-95
-43
1
-26
5
98
63
-35
7
-2
-33
-35
-31
-41
65
85
5
-47
-27
-91
60
-71
-55
-53
-70
46
98
67
-42
38
-62
6
14
11
-35
-61
11
83
-1
-79
-17
-33
-49
-88
-3
-70
-43
-34
-97
72
54
73
2
-41
-93
-95
97
-10
-30
-41
-56
4
48
-10
-76
-94
-94
-92
-29
-79
-51
62
-38
-42
51
36
89
89
-26
-24
25
-37
89
-32
-23
-19
44
99
-24
14
79
87
-5
-64
-93
21
-94
-65
-47
27
15
-17
18
-49
-69
-9
-31
61
-4
4
89
-21
16
83
35
61
16
4
-24
-79
53
60
63
41
87
-98
30
-57
-70
30
-81
-72
-88
69
-97
-7
69
-83
-4
51
-1
56
-74
95
-95
0
62
-47
5
19
-44
-15
-39
-13
0
-2
78
-50
-71
62
62
-56
96
-41
99
-2
19
91
24
-86
76
32
-68
-33
40
-37
0
-75
15
-15
-18
-42
-97
-80
-53
59
36
-32
45
-68
-20
78
18
-51
-48
68
13
-27
-80
81
-76
-85
2
20
68
48
21
58
10
-33
72
-25
23
31
71
59
-84
11
-48
-67
13
6
74
21
-61
-85
-73
-87
-23
-41
-92
-27
-99
97
-20
-23
-70
34
97
-58
13
-91
72
-88
23
-88
71
-34
-45
88
82
88
62
61
-93
14
-8
-19
6
81
38
24
-62
-97
95
46
-15
-65
14
45
32
-56
67
24
-63
28
93
-92
88
-92
26
40
-46
89
-6
89
-34
42
33
0
8
54
-94
27
22
84
3
-77
-48
-77
18
-30
19
-66
-92
-5
-93
20
31
-54
-63
71
41
-54
54
0
-44
-91
73
-88
-86
20
69
37
-20
-35
45
33
-46
-7
73
39
56
-8
-75
1
-46
65
98
-42
-36
-15
76
11
69
46
34
60
-70
3
61
-29
-31
-5
-93
84
-45
-14
-47
-54
-66
-85
87
-76
44
71
98
61
-60
-92
-16
43
21
-40
-46
-19
-65
-74
28
-12
-20
99
-72
68
-74
98
24
90
7
25
25
-69
-81
-96
-2
85
-63
-95
-21
83
20
-48
30
-55
5
-37
66
-48
-72
-6
-38
97
-97
-68
42
-6
72
-58
-99
92
-33
32
-97
91
-75
38
-50
-26
83
24
69
-26
-53
44
44
-47
57
-67
28
27
57
-13
-47
-28
-31
-52
94
-52
-74
56
-76
12
-29
-10
-86
24
-52
-58
-84
25
-44
-35
-42
-21
55
-32
34
-95
-13
-70
21
56
37
-21
63
89
-49
78
-11
-2
-33
91
79
-8
-13
73
-42
-76
65
74
70
-72
-41
44
25
-100
-41
-46
55
91
15
-74
-27
1
5
56
-16
35
-72
-96
19
-27
77
20
22
90
-46
-90
-3
-55
-86
53
46
-8
-58
97
-78
-64
-22
-88
86
93
-31
33
38
13
-57
-77
75
9
-49
37
-59
-57
-6
-33
-86
39
-83
50
97
59
37
-71
-78
69
70
10
-94
-3
98
-90
25
6
67
-56
84
1
43
38
57
-40
-32
57
22
28
95
-80
83
-79
85
-86
-67
96
-68
1
99
5
1
73
22
-8
-6
-21
94
-28
-16
-75
30
23
50
13
-96
38
61
95
-58
-44
59
-79
-47
15
11
-83
90
-8
42
79
84
-53
15
64
-58
49
-100
83
2
-53
-100
52
81
9
-88
-63
-81
-8
96
-92
-41
-28
74
-89
-79
-81
91
47
36
11
41
-100
64
2
-7
67
55
2
-76
87
95
-2
-35
45
-75
96
54
51
-77
-25
92
6
-68
16
83
-32
46
45
17
-67
74
-69
74
32
-85
52
87
-49
-50
35
-85
30
-34
-94
-12
24
-1
33
-25
36
48
-30
43
-58
39
-91
-5
-22
93
90
31
-96
15
97
-6
-76
63
66
-94
38
-20
84
-28
80
-98
72
-79
7
13
68
-79
-81
-33
21
89
1
-15
44
56
-80
-56
-16
4
32
-22
67
-92
-20
-55
-85
93
35
-20
21
-32
-9
-75
-65
17
-8
-94
-84
-33
47
39
-8
-67
56
-96
39
-81
-38
-9
64
34
-95
53
46
-80
78
31
-27
47
32
-69
-44
90
8
-26
-75
-17
-31
-95
-41
39
28
-30
-58
-67
-66
34
85
50
37
-71
-100
81
28
98
85
-28
-43
1
-52
51
78
-43
18
-71
-76
-94
60
44
20
-42
-92
66
-44
-79
-9
-53
79
-69
65
40
16
-26
-37
-89
71
-69
67
-87
48
-21
30
-27
88
-16
-34
40
19
-21
93
-15
4
8
-10
-68
-12
80
93
66
79
-4
-56
-94
-33
30
-38
63
55
51
14
92
44
-30
-18
-92
89
18
33
74
-83
-63
-48
-11
-52
-11
-87
-80
-54
0
29
-70
77
8
5
-61
84
-56
73
-71
55
-4
-1
16
-35
92
33
2
-24
30
31
-63
-62
-98
50
-10
64
-99
1
67
-33
1
-61
-92
-20
-86
-57
-47
14
56
-40
-61
-22
83
-37
-48
86
-15
51
15
12
41
-56
-11
-19
-82
64
-82
-68
93
-4
0
38
66
-70
13
-37
-6
-62
3
-30
72
27
38
-78
60
-63
-53
21
31
61
-83
56
98
95
77
70
84
27
-27
11
-84
71
-86
89
-53
-55
-14
2
22
24
16
-44
-27
21
2
69
54
89
63
15
37
65
28
20
86
-60
1
90
25
64
2
-76
-41
-76
-75
-25
5
15
67
-84
39
36
-22
-45
45
-31
-41
-64
-100
-24
-74
69
92
-8
95
-18
13
-89
-78
25
30
-30
65
-67
11
23
-98
25
-53
-38
94
-99
-72
89
-93
9
-64
57
7
-50
-19
48
-93
42
-16
59
-42
-86
13
7
-83
60
-58
-33
-45
24
50
-30
-70
-68
-1
24
-4
-36
-52
25
-16
-6
-54
3
56
-83
-9
-13
66
-69
-79
15
31
-87
92
-3
-9
53
-33
22
-49
-84
-67
-65
-15
40
19
6
23
76
-38
-33
-26
-41
-65
37
41
-4
-63
-47
44
22
88
50
-40
-100
-30
-13
98
-33
34
-78
16
-68
94
26
52
7
1
-90
18
-31
-16
54
-49
93
1
63
-2
12
-21
61
61
21
95
-60
2
90
-6
49
-60
-31
-42
-63
-80
64
-91
-16
-74
32
90
-98
-43
79
-69
-24
77
-51
-42
97
65
47
92
83
-84
81
10
-28
7
10
72
3
23
-17
-3
-17
-3
74
37
13
-94
25
-57
88
-70
49
32
-73
-49
12
-89
76
-75
-10
-30
-100
-43
87
87
-19
-52
-99
95
-58
-1
76
28
-65
87
-83
-73
-3
1
-54
-92
-79
-64
-36
-4
-30
5
7
-25
13
24
6
89
-45
-22
55
94
97
83
-100
-61
76
19
-55
22
-47
61
87
78
-91
-17
34
15
-41
-8
34
86
94
31
-67
60
31
3
94
-37
59
-65
-74
-47
99
94
-33
1
-6
17
54
-38
7
-4
99
1
52
47
-11
45
-75
-71
36
-65
-43
16
-88
-23
2
-57
-88
-18
22
20
-98
-38
30
-43
-25
51
-72
-95
76
-67
22
4
-9
-69
66
18
5
62
39
-13
-39
-34
-63
5
-87
56
-39
-46
65
-4
55
-97
-37
-98
55
44
13
46
95
9
-40
32
4
-84
-91
87
53
78
3
94
72
45
-48
22
-92
-93
74
-76
54
65
21
-50
31
-29
23
70
-5
20
30
23
-85
66
6
74
-27
-59
-57
44
8
-91
-67
83
0
-67
-57
54
96
41
-92
-81
-16
69
-77
8
-2
77
-9
-46
73
-90
61
-91
93
-49
-7
-8
95
66
-88
55
-83
-31
-30
-22
63
-34
88
-67
-75
-20
28
-84
12
43
34
-80
81
-29
11
-51
27
57
74
86
-41
-38
95
20
52
-57
-47
-39
-65
23
-9
-43
-68
51
71
94
-6
90
61
66
68
60
-88
35
9
11
94
-21
-13
-29
-2
-45
73
-21
93
-3
-59
-31
83
-93
77
59
60
5
-14
15
-36
77
-71
45
89
-23
89
-3
-79
-78
-46
70
30
-4
92
-92
66
-41
-78
-24
27
-59
-16
41
15
48
86
-43
98
-97
-9
-88
-97
58
-30
83
49
-44
88
-42
58
58
0
62
15
-22
92
64
91
-10
-91
-30
94
15
-48
-70
-28
-32
25
45
-19
18
85
-38
77
-41
31
-77
-32
-98
36
-85
15
27
54
4
38
-1
-32
-19
-54
-70
-100
-98
42
-17
52
-94
-64
-33
1
20
4
41
89
89
-79
6
5
88
84
35
85
33
22
-69
18
53
82
-39
0
-2
-96
-84
-98
-94
-19
-29
-75
-27
82
25
83
-42
65
95
48
56
-65
-21
-45
73
-1
49
90
13
-13
-27
36
-91
76
3
-72
16
-13
-99
-3
-100
-22
78
-39
78
-58
-7
37
-69
87
10
-12
29
96
27
-3
42
70
-79
91
-86
-53
-47
-53
-60
-94
-19
52
-32
43
-12
36
2
-71
-16
46
46
-96
-11
84
55
19
15
30
38
-65
-9
48
87
-83
-40
9
12
43
28
-33
-52
95
-45
74
76
10
68
-72
66
23
-24
-71
-69
67
-47
-76
16
87
-68
18
78
-38
93
30
-9
-4
13
-25
-71
51
-16
-16
-73
-88
-74
72
-16
-97
-89
72
82
-70
41
26
45
-64
-63
52
-58
67
1
19
-16
15
73
30
62
-43
92
-4
97
-54
-40
95
-38
-74
-96
-37
-73
30
-2
56
-22
31
-80
65
8
15
22
-13
-67
81
-50
-56
85
-22
93
34
-73
-1
-22
78
-63
-11
25
9
-15
42
-75
-83
84
-100
-74
-32
70
-16
42
-27
70
-7
43
-52
49
-30
65
-85
-61
-35
81
-85
53
-80
-17
30
24
-84
49
40
28
67
-45
11
28
-55
-26
-32
-68
3
42
3
-43
-21
82
0
-1
-70
-76
10
-46
-52
-28
-42
-42
-4
26
-50
79
11
-82
-80
-78
-80
29
89
-68
82
85
78
89
-4
49
70
95
34
80
59
82
-77
-67
83
-36
62
14
53
35
63
41
-47
-32
38
-85
-32
42
-94
37
-90
-1
-31
86
-65
-96
86
5
-78
-93
-95
93
89
-84
24
29
-62
24
66
38
-6
-2
48
-17
-29
3
-11
62
33
-20
-78
-43
2
88
76
1
-71
90
14
17
-53
29
5
-39
-10
9
76
39
91
-22
19
-17
8
78
-37
14
-49
-90
-87
52
30
56
39
-7
95
98
42
-44
-78
-45
53
85
95
-17
-46
17
47
-87
-85
-41
-76
-34
-6
68
92
-23
-37
-81
-45
-24
-32
-80
-32
-23
22
-95
-71
-20
-97
-58
-20
31
-15
97
44
40
4
-26
12
84
28
46
7
76
-62
-13
-1
38
-30
4
-71
81
12
61
31
-94
77
29
4
-11
28
-53
-1
11
59
-100
90
29
68
-10
-36
39
83
12
-72
40
70
14
-19
23
-38
-2
-98
42
-19
62
40
-98
38
-79
-1
4
36
21
84
2
-13
66
-55
13
79
-49
-36
12
88
-34
66
-16
-16
-5
85
-59
80
12
-41
36
28
-45
93
-71
-64
3
24
-81
-100
-35
2
59
-37
-40
65
49
-95
-33
53
54
-97
68
22
44
51
7
-37
18
50
-76
-95
14
69
-16
-8
57
43
-30
-100
9
-83
2
-73
68
-28
42
-49
15
69
-21
94
63
-96
-7
-93
-16
-90
-11
51
-18
-16
58
-90
-84
-47
-62
48
81
20
76
-98
-2
-1
-4
6
27
-87
75
30
-42
-29
-74
37
92
-43
48
94
-24
77
-47
-54
-61
-65
-76
49
-43
58
7
-73
48
35
-4
55
9
87
-60
3
-36
11
62
77
88
-36
-64
83
81
20
10
-99
-17
-69
-24
-33
-31
38
32
82
-65
-84
-2
80
85
-44
-56
-100
-81
75
-38
-65
29
-35
-69
-13
-68
60
-5
-65
-20
-96
56
80
21
-45
31
36
1
-94
38
-63
74
85
-69
-64
-16
-95
-13
14
-7
76
89
83
-75
-95
82
53
-88
54
27
26
96
61
19
3
-67
-60
17
50
-77
-49
72
17
-84
-5
-42
80
-41
-62
-16
-79
-27
-29
9
-65
62
45
-35
-19
35
-14
50
-17
55
55
62
43
-100
-40
-34
83
7
-21
73
38
35
51
-23
50
42
-81
97
22
-10
-89
-100
97
-65
-10
-3
45
83
25
-47
60
-73
43
81
-18
69
7
-43
28
-25
15
17
33
-34
-9
-49
69
-16
57
53
-44
-91
20
-14
-57
32
-40
48
96
46
67
8
58
-91
-2
92
59
74
58
-9
-13
68
56
59
78
-25
55
-6
11
34
95
-14
-97
-34
-59
-79
-70
32
-92
-11
-30
21
-78
-20
9
-61
-87
77
-67
26
63
-72
-86
48
-29
56
-10
90
4
88
-10
25
68
94
17
62
22
-91
45
98
-95
50
-28
-52
-19
77
25
91
40
-58
35
66
69
74
-81
-76
87
76
83
-72
23
-96
51
85
8
-22
45
-84
82
17
4
-4
77
32
-94
62
-60
1
-81
-95
-50
-12
94
60
-67
-28
-84
8
1
-27
-28
-4
-97
-19
71
-62
69
-78
35
-54
-98
-16
64
42
-62
79
37
-66
61
-36
85
21
-73
-95
86
74
-2
93
-85
96
71
-47
-76
41
76
-33
-63
90
73
15
-35
-70
70
59
53
-72
-40
-74
85
-78
69
-59
-47
31
-5
48
-80
-88
-46
-27
-86
-12
2
34
-76
-49
-43
-42
-84
-55
65
49
71
66
60
34
45
-12
-53
-97
1
-4
-40
54
66
79
-56
30
-41
13
82
-84
-22
-58
-87
5
3
-65
-5
77
56
72
56
-83
-70
-55
-78
-61
86
-29
-12
38
26
44
6
-31
0
14
12
23
