-90
150
-15
-61
-62
-16
84
-47
-95
24
-66
-2
49
97
83
52
30
21
55
-78
62
0
-50
93
2
61
86
-100
64
69
-10
73
-87
88
-19
-63
51
-84
91
-18
-90
-40
50
-92
-27
90
-46
-26
92
-2
9
81
35
-20
20
64
72
49
37
-27
-85
-35
-50
39
-26
47
65
90
-95
-63
82
64
5
95
59
26
1
22
-45
-63
11
94
-28
23
67
-84
87
-68
-75
-89
-98
-7
86
-17
82
9
11
71
69
96
13
33
55
49
-51
46
-44
-74
53
37
16
73
28
-75
92
-68
35
19
77
56
95
75
-60
-77
26
-8
61
-36
-46
-11
76
-68
-28
87
-6
-37
-20
-42
-33
73
61
55
-74
-68
-59
-55
-97
23
52
-30
-50
-16
15
