-13
3366
-14
-63
10
43
-75
94
-31
-91
-87
37
-5
-76
-30
-33
81
-34
84
46
-87
-58
37
13
77
3
97
-67
39
34
41
45
28
87
93
45
-68
13
95
-87
6
69
29
97
-80
68
-65
99
97
-53
32
-91
-90
18
-8
47
-80
-55
51
46
25
7
-78
-55
-77
97
4
9
32
-89
-47
-18
53
-49
-22
-90
-31
-98
16
-83
10
-90
-86
-2
87
-76
88
-4
-9
-34
-80
31
-61
51
19
71
50
26
65
0
-56
-18
5
-38
43
-32
57
7
-62
-41
-8
-17
50
18
94
-94
-20
-70
-19
-92
-66
-63
94
-10
79
91
-7
-32
-50
-54
90
-2
-94
-83
-88
79
-98
-3
-37
-16
73
37
25
-50
89
63
87
88
29
-8
13
6
73
67
85
-52
62
-26
-65
-25
84
28
25
89
-66
89
22
65
21
92
74
-34
49
-39
-14
41
-81
-63
30
-29
17
-65
0
-41
-43
31
-9
-12
46
-10
-68
42
-77
29
-95
-60
66
-28
-30
74
-31
16
79
38
-78
22
-68
-18
-67
21
-64
79
1
77
-41
-41
35
70
-52
79
44
44
80
-33
51
-43
-89
-88
-9
68
1
-15
-95
-20
15
-66
56
57
2
-58
89
9
-83
-74
-49
-86
32
-60
-26
-4
59
11
34
85
-94
49
-26
-31
-61
20
-100
7
-94
33
-83
55
83
62
46
40
-54
-64
-5
7
-13
-10
-93
61
87
13
92
31
-22
70
-37
-66
23
-27
-48
-54
53
2
-3
60
60
71
-100
-64
-97
44
81
59
-86
22
20
-39
56
-42
-13
67
43
83
-88
-94
34
-17
98
54
-40
-57
96
61
-92
39
39
70
15
-34
-53
-14
-72
24
-63
-87
-8
-40
-7
12
-48
-76
18
-21
-64
-12
91
84
-25
-40
98
-27
27
-23
64
-46
23
-79
49
39
-68
22
-90
75
42
16
-89
92
21
16
11
-56
87
-77
28
63
21
-33
93
84
-38
-71
65
-14
-18
56
-93
-13
-32
-77
52
70
-91
-14
82
-38
-57
-38
0
-100
-36
69
47
-53
57
-100
-97
-10
-68
54
68
0
97
-24
31
89
72
60
-62
9
-22
-93
-58
28
-72
-64
2
-32
-80
-57
-100
-99
-56
-31
-58
-93
6
9
-32
-6
68
-15
-92
86
-2
91
33
-51
-39
-26
-9
58
-63
77
25
43
46
-75
-21
-29
80
30
8
-9
-8
-30
-57
-91
-87
11
-36
96
40
59
73
89
75
75
31
-51
-79
60
-79
-35
44
-95
-80
20
33
-35
97
-100
-71
33
60
-72
49
-61
51
-50
20
-38
-19
-67
89
27
37
-96
19
-75
12
-78
-24
-80
-60
96
37
32
28
56
-37
24
-43
-54
82
-28
78
64
-30
47
-76
-47
-42
-90
-54
84
-18
-66
-1
-18
13
84
-96
75
-33
-3
14
-23
13
-20
-10
20
-31
-17
-21
-4
-97
32
88
19
22
54
72
-70
-70
-92
-79
-49
48
62
76
99
-46
8
32
-4
-19
17
15
3
-84
71
22
48
-75
-29
1
-100
21
41
-24
5
37
44
2
-26
6
73
-91
-93
-41
70
46
7
-5
46
92
-18
79
69
49
98
32
66
30
66
97
-68
65
54
-83
34
-65
36
46
-99
28
18
3
35
19
78
98
-38
-22
8
-50
95
-5
95
-2
46
-10
91
2
23
-100
85
0
72
42
-31
20
71
-66
57
-68
60
-44
-37
44
86
40
-31
59
-35
-15
-18
-60
84
-7
72
-18
5
-40
-98
31
-98
-15
-22
-14
-15
3
-1
81
46
87
-27
-50
90
-7
19
84
88
42
85
76
-90
43
43
-96
-62
23
81
-60
75
-30
37
42
-56
52
-6
41
4
32
43
-68
68
18
-48
-10
-98
-61
-8
56
-49
69
79
1
94
1
-41
67
21
16
-36
-29
56
-47
-14
-33
85
-23
-3
93
-68
70
-14
43
-54
-4
-9
-44
-23
89
-77
-35
-42
64
49
-75
72
64
20
73
10
97
-97
75
68
-51
6
-27
-77
95
92
-14
-5
67
-91
74
-93
69
-76
49
-42
-75
-49
-83
77
-89
89
90
-87
-50
-46
-99
59
-100
-9
-52
-3
38
72
-22
-7
57
-14
-51
29
90
74
-59
-24
-100
-79
89
-88
48
0
-21
27
73
55
-21
-99
0
88
-68
-29
-48
-69
-29
-85
71
24
-76
3
-17
66
13
-40
59
-35
92
37
86
8
53
50
28
31
1
1
-89
24
88
-53
-76
58
-75
64
25
63
18
13
46
99
41
93
75
-83
84
85
-23
-98
-41
-4
-51
6
73
75
-48
-80
-51
66
-19
-22
-49
19
70
-20
50
49
37
-46
39
20
-40
86
53
-25
-89
46
28
14
91
-25
-21
13
74
-2
-63
-65
-19
-13
-74
18
99
16
43
89
11
-85
28
82
69
2
28
13
-12
30
-9
-87
-56
30
-37
-25
-9
-48
44
-12
37
26
-37
-100
-100
65
-28
98
-63
-5
-18
17
-53
77
-69
6
-15
-5
-65
80
-50
54
-51
24
6
79
-19
98
-73
66
83
1
97
-68
-67
-25
7
9
-54
48
-12
93
16
58
-17
-39
85
58
40
6
27
-73
-38
78
-9
-49
0
87
-74
9
-14
2
-3
-87
70
33
73
-97
6
-31
-21
99
49
-57
-63
-74
28
68
43
-69
17
-69
-7
40
-24
10
23
12
25
52
45
36
-50
-65
-94
-10
0
-57
89
58
40
-53
12
0
-49
-81
85
-8
-80
88
-42
-46
-14
58
71
-94
-38
68
41
62
-94
12
-29
-44
9
73
-56
-66
68
18
-83
-3
49
-45
34
-78
87
44
-78
-38
77
23
-75
-8
-52
6
-40
51
29
42
-28
2
-43
-96
-43
-93
29
-67
28
-7
-67
-4
78
96
-50
-54
-5
-98
25
58
-14
-6
-59
51
-11
35
70
37
89
-97
1
-74
-38
69
-37
-10
-51
98
-65
-11
-6
-23
38
4
67
-22
7
17
93
-52
93
11
33
-99
89
-31
23
-67
-28
88
95
-81
-51
-66
-14
43
3
-51
-54
-56
27
18
-68
76
90
56
-98
-11
-12
-67
-34
20
-62
-41
-29
-23
21
78
28
49
-46
-98
40
-83
73
-56
15
-7
-14
81
-61
-39
-78
-90
-46
36
-7
47
-99
43
83
-22
-74
18
34
-6
-49
-21
30
75
41
-62
65
-32
4
-93
-89
55
-99
78
-37
15
-29
51
-51
61
44
49
-36
94
-50
-39
-81
22
-100
-70
-8
-40
-90
-9
-89
-41
47
-74
20
53
-37
99
-71
66
84
-50
-18
-68
-88
73
-36
24
45
-28
-84
-22
-75
48
-46
27
-46
49
-20
-20
-28
-13
77
-3
-26
22
60
15
84
-11
-80
-39
-31
98
78
-27
-82
-55
-93
-51
-99
77
-92
-64
15
86
47
0
-2
0
-20
65
51
-71
-50
-48
24
49
-75
19
64
-73
-70
-17
24
-91
-37
-78
-75
-60
32
-6
27
-49
59
-94
89
84
32
73
79
-8
-49
93
-11
3
-11
-14
-60
49
16
-92
-69
-81
99
0
-33
-15
71
-92
-71
54
23
-22
-13
-63
-70
-5
45
7
7
-33
-75
69
25
20
88
-20
39
74
-95
21
-28
86
-40
-3
33
51
95
36
72
-31
68
-14
36
-9
41
-18
42
-97
37
-42
43
-33
90
19
-14
-20
-82
-26
-52
83
3
47
-32
-29
-20
-67
-64
-100
49
38
53
4
53
14
19
-83
-31
77
2
46
48
56
-65
-58
91
-98
11
-71
86
18
-14
76
-28
-65
-80
-28
-15
-93
-26
-74
69
-11
-47
28
-77
11
-22
-44
-68
60
12
-69
96
-37
-40
35
27
96
-59
48
-83
60
-20
-16
-94
-47
83
-1
-62
-66
-69
-76
-97
-91
-97
25
58
85
92
56
1
-98
-39
-41
-53
-20
-22
32
-51
19
-98
49
15
-95
-64
-16
-24
-14
0
-85
46
-64
-8
20
81
54
98
-14
47
-86
79
37
-49
37
-19
-7
42
94
-70
66
16
38
-25
-49
14
-58
-77
34
-19
-96
-64
99
73
92
77
45
9
63
-63
-60
6
-86
93
78
57
-96
-17
93
59
68
10
13
63
-96
-15
36
43
-69
85
-26
-61
-41
-1
-19
-55
-1
-49
-76
-33
81
-7
-76
-87
-84
19
-28
-79
76
34
-37
60
56
-26
57
75
-19
0
-22
20
-77
-28
-22
-57
64
74
30
-23
45
9
96
42
-97
-1
42
-47
-74
-88
16
62
16
-46
-72
-49
-35
62
-79
-56
-38
77
-27
68
97
-54
-50
2
-27
-50
17
31
-30
60
13
-66
84
78
-73
31
-94
-59
27
7
36
-19
-90
35
-25
42
22
-99
28
-29
-67
-4
17
-40
-42
61
-71
53
15
-12
35
-67
-54
71
61
84
-83
-78
17
92
79
-16
-50
63
79
-73
-81
-88
-70
-66
23
69
3
-3
16
93
83
-69
-65
0
-93
51
99
94
-56
10
-26
48
94
67
-78
-26
-92
30
82
92
-66
21
-46
-67
32
72
65
51
-22
-27
20
90
69
-25
55
53
-55
-50
-16
-31
51
-76
-36
87
-16
-88
83
42
25
-36
-50
17
37
-73
37
-22
-53
30
-94
-73
87
-15
99
22
92
-33
2
35
43
90
36
50
71
91
-52
56
-20
34
-53
-28
57
-99
39
-85
66
-82
-54
66
-51
-94
34
-82
85
-49
-77
-87
-32
87
90
80
57
-17
51
58
-57
-29
-56
63
-77
22
-65
1
-97
91
15
48
-80
-31
-91
-19
-92
40
16
-99
-22
-52
77
26
16
-56
-32
18
-27
-41
-89
70
32
97
93
53
-14
34
96
-34
8
-92
-36
7
-46
-71
49
66
48
-33
83
23
46
16
-6
-56
62
39
-56
31
-53
-99
84
13
-76
30
-67
-17
19
-57
10
-53
-40
55
40
26
57
-17
90
-1
-50
-17
29
-70
-57
54
83
14
-22
61
32
54
-30
-86
-28
99
-68
27
67
-2
-60
-91
-56
-76
4
50
86
55
11
92
-72
-30
-38
29
15
85
67
-95
86
-65
-16
46
47
3
-91
66
37
4
-14
42
-39
38
83
-64
-56
-98
25
-51
-65
4
96
95
-98
42
42
9
-53
-56
-82
-93
-80
83
5
-51
-45
-90
-79
20
-60
-34
-2
-27
-32
33
60
-89
60
85
-57
-6
-14
-36
-52
21
-91
78
94
45
-93
-95
-31
99
-75
56
-81
37
20
95
-3
-89
54
-60
-12
-38
71
18
38
-39
64
-77
25
22
27
-17
23
4
-87
-16
48
-64
-54
51
-49
-74
10
46
-1
40
69
47
-29
21
74
-32
-55
-94
-73
-49
-70
-9
34
22
-89
44
48
-51
96
39
-5
-58
34
50
51
-65
28
-36
-80
65
98
-80
-82
18
7
14
86
-60
-20
-57
-67
84
67
51
-72
-79
60
-4
-73
77
-44
73
-55
-8
57
-56
66
39
2
-97
-99
-42
-25
88
-76
-49
73
-88
-40
-85
-28
86
-72
-39
75
-64
7
-43
87
-51
-58
-34
93
-47
55
-46
-60
-44
30
-80
-18
59
-87
79
-74
-21
37
69
-29
47
-39
-44
-72
-43
14
40
61
9
65
23
-27
-93
-69
-77
-5
-88
-46
65
13
-66
68
-86
31
62
-98
-57
42
-62
-2
-95
-79
-29
76
-94
75
9
-62
26
-36
1
48
-60
-65
17
-96
-97
-66
62
-44
-42
-84
40
-10
-70
21
31
-35
-83
63
71
90
-53
2
-17
-34
11
-96
-30
-55
-67
-11
-30
1
-89
0
7
-4
63
-38
76
-4
-59
-89
-59
66
80
-26
10
-43
-41
-92
80
1
97
-73
86
-78
-78
28
-19
-50
36
-14
-2
60
41
65
32
-46
-74
-97
93
28
49
1
-75
56
-47
-41
82
50
96
-56
19
89
-3
-95
-28
-15
68
78
-59
11
77
-6
34
-61
-81
99
87
-53
-74
86
69
-21
46
-48
18
28
6
67
12
-57
7
11
57
-7
4
-76
79
78
-47
88
-88
-96
-51
94
96
-76
37
40
-13
46
-47
56
-32
23
49
-73
-72
86
-59
-1
95
-90
-22
-92
-53
11
9
-4
-84
-67
-1
91
-29
-77
-63
-16
96
-81
-16
17
-33
-12
76
-89
7
-78
53
66
0
-82
66
-92
46
-65
71
82
-52
99
-62
-90
-52
-86
28
17
-65
11
-63
-68
-57
-20
95
99
14
-99
-86
72
-14
-37
50
-47
96
71
-73
2
-8
89
45
-95
45
50
35
-20
17
-50
7
53
-37
-58
9
19
-79
89
-79
-96
59
64
61
-95
26
-34
11
41
86
-58
66
81
29
-94
-3
-43
29
96
-70
58
29
-84
23
-20
48
19
-34
0
-80
-54
70
17
-82
98
78
19
63
-51
95
-9
-44
66
13
25
-52
-52
-16
-87
69
82
-46
-18
-34
66
-1
-35
99
65
13
-89
-16
-80
-32
-48
72
-92
-9
80
-69
-31
-17
-35
38
-60
61
40
-36
95
89
-77
82
-20
-44
14
6
-7
33
-86
-25
27
41
58
-87
-6
67
-23
90
-22
74
33
-40
-83
-40
-25
-32
39
0
74
70
-40
14
8
29
-44
59
71
-100
23
50
-30
74
42
-63
-75
16
-63
15
43
79
99
89
-15
-1
-76
94
22
71
2
29
-83
-85
48
-10
-57
-22
86
26
23
-77
39
42
88
-54
41
21
46
5
67
56
56
-34
-35
-98
44
-10
5
32
66
85
-33
-8
58
-79
-35
32
56
39
2
83
-6
-50
37
-36
22
-70
-11
-32
-62
-72
6
-99
-31
-11
-49
68
26
20
-18
92
91
25
84
30
-94
26
-8
-20
95
45
-3
-30
2
23
6
-67
-64
66
86
25
-94
5
26
92
87
-42
-46
-27
29
12
99
2
-81
32
55
77
12
55
89
-34
-13
14
-37
39
-6
-5
-61
-69
-68
12
-27
-44
-28
-79
0
-70
-67
53
64
-61
16
73
90
-59
-36
-70
-81
-73
30
-45
-31
67
48
-13
-19
19
43
-57
-74
48
29
-80
81
-88
-31
54
73
-39
-93
48
78
-7
55
-82
76
-15
-98
-62
3
63
-23
24
49
-33
30
40
32
28
-95
-26
85
-52
84
96
24
11
44
-51
70
6
13
-75
69
75
-4
-100
7
60
-58
-3
93
-2
-75
41
-3
-2
61
-33
-6
49
-79
-29
47
7
-90
-81
44
96
37
-69
-6
-16
75
92
6
12
1
6
99
-32
-81
-34
82
-65
-37
81
-45
26
67
-60
40
-87
-66
-49
-75
-7
-50
-15
75
-82
69
5
89
98
89
-32
-40
14
-52
-19
76
-75
-30
-24
0
-46
32
0
-79
92
-46
-21
-29
-87
-48
-23
26
95
-11
-94
-3
52
18
-47
28
-79
13
69
-52
-60
88
59
-64
4
46
43
-54
-46
2
-83
22
-67
83
-60
-80
11
22
-75
28
7
97
-70
5
-57
-69
-95
43
67
79
40
73
22
-23
-66
-55
89
15
-92
85
99
-78
-29
-27
-92
47
-86
-25
3
98
-54
-97
39
54
-35
-43
-96
24
41
55
-50
-18
-88
80
-2
82
43
99
58
-71
-15
65
6
27
-22
-41
-36
87
-88
-41
40
-47
99
12
-37
42
12
-16
91
84
-49
5
50
-77
-56
-46
73
-48
3
-83
84
-64
-71
-98
59
-10
-47
31
93
96
64
-46
-93
88
97
-54
27
87
-85
-95
41
-52
76
-63
95
-93
27
89
-81
47
-68
-80
38
93
72
57
-76
4
-80
43
95
85
18
-10
16
-29
76
10
-73
-28
-20
-61
-29
-98
-1
5
-51
6
-61
49
-24
-70
68
-64
5
-8
26
-52
8
-80
-78
-12
74
3
-18
80
54
-24
-62
-99
4
-60
25
76
-80
45
3
-9
-23
43
44
-76
-27
21
-72
56
84
-43
-3
-32
22
88
-16
-95
78
44
-88
33
77
91
86
-2
74
39
87
57
86
8
-37
-27
-26
-8
-89
68
-100
91
77
76
58
59
-21
44
-97
-13
44
-6
77
18
-46
-89
-98
-65
18
22
44
-43
81
-7
69
76
-38
42
32
-88
61
51
80
41
18
10
-48
-47
-53
-10
45
45
-33
-93
-66
79
-4
-60
16
2
-65
-87
-32
77
-90
68
34
-86
-47
79
60
51
97
-52
-47
27
-28
9
-93
-36
-57
-71
-18
51
71
74
64
54
97
-34
-67
6
-76
-32
57
2
-20
59
4
-67
-20
87
77
49
-21
80
-86
-38
-44
-92
-34
-90
-5
-96
-14
-53
-51
12
89
-6
-49
23
-39
35
28
13
37
10
-77
-59
-32
53
77
-64
8
-82
34
-88
43
-93
-76
9
-83
-41
-35
81
11
-32
72
93
69
-97
-36
70
23
48
-57
12
62
-57
45
-37
-37
64
39
81
-14
-49
-38
35
-45
-66
-18
-70
78
5
-76
-20
12
62
-44
-27
4
0
-3
-44
84
45
46
55
37
-55
-3
-27
-68
56
-89
79
27
65
-51
20
90
-13
87
15
47
21
54
50
-68
62
-79
-87
-86
-52
-71
-99
23
-48
75
-20
-83
64
-81
-64
-26
-33
30
-14
31
51
50
63
-6
56
-17
-34
-82
58
-4
-18
2
-79
-11
30
-45
-15
87
-10
26
-97
23
-81
88
73
-74
-36
71
-61
84
72
33
-6
7
-96
-57
78
63
96
-71
-48
60
-36
-71
-45
13
-61
-55
-23
-90
-56
2
-45
-11
-53
91
-8
-5
75
10
10
-79
-61
83
80
19
-67
96
-3
39
77
87
63
-54
-26
75
67
-70
67
91
58
-16
55
37
-31
-99
-29
27
-98
-6
-34
-27
61
-46
-39
-72
21
83
63
67
94
-31
93
-39
-6
-63
4
-78
-46
-22
62
-83
-11
35
-10
23
30
-30
-95
-3
72
-7
52
-36
-1
81
-14
18
