52
3488
-36
47
-7
55
-74
-44
75
-56
-99
-76
-69
28
88
25
-41
-19
12
-6
-64
67
-66
16
8
41
89
-34
73
91
11
26
6
-42
81
-26
3
-97
-67
-26
88
19
-15
83
5
75
-43
85
91
91
-43
-29
-22
-54
71
5
-90
81
92
-70
-64
24
-4
-25
64
15
0
-42
59
76
52
-27
-19
5
-10
-23
-27
-71
36
79
25
96
62
30
4
86
38
85
-22
-98
51
10
-30
3
-30
-80
90
-32
92
81
-30
52
-19
50
-93
99
-81
-80
-3
-23
-73
-14
64
-11
-70
89
-40
21
-43
-83
0
0
22
31
-33
-10
-27
2
45
0
-87
60
-74
97
-52
-2
-11
-67
41
33
-80
-2
-1
53
-40
-39
82
-49
17
71
-54
-48
-80
0
-3
46
-72
-6
71
-95
-26
83
36
-8
78
59
-35
-38
-62
63
-66
-29
-32
-43
-65
-38
69
-73
-86
-32
63
16
-2
-19
15
-42
-23
24
-78
-46
28
45
-95
-54
-69
-93
-85
-5
-83
-71
-86
-20
31
-24
-91
43
-4
-24
-31
51
72
-92
-9
-44
-44
88
63
-69
66
-13
61
54
29
-22
67
21
-81
-67
-45
36
57
-28
-12
-55
-63
-51
-79
-99
85
82
30
-96
-62
97
-25
28
55
-45
-76
67
-52
33
-23
69
80
-89
-34
4
-95
-37
-51
-1
-89
35
2
84
57
-66
-86
34
2
-44
35
-53
-22
2
86
90
-27
-37
64
84
-75
18
75
-27
-96
-93
-29
2
88
15
-13
15
14
57
-37
-47
65
-99
39
36
51
93
-95
58
-53
-75
-46
98
-15
91
22
27
-97
-13
-92
-51
-49
75
-77
61
51
-10
54
-89
-80
21
-41
-8
-20
-21
-21
-19
34
73
37
-15
-37
64
-15
-88
55
53
15
-3
59
-43
26
19
-44
-50
-10
-87
-77
-51
13
-22
41
-28
47
-23
26
-53
-12
-40
-21
-75
71
58
-90
77
40
68
-66
-66
76
89
76
90
25
-45
-47
25
-79
89
-90
-51
-17
18
-56
-85
-31
91
-25
-91
64
-78
68
11
-81
-45
67
-19
4
66
-30
-52
36
95
-90
-67
-19
-47
-49
-46
-44
-18
-42
92
-9
56
-44
-78
86
-71
45
90
59
-21
90
-21
-86
-100
-15
27
-100
80
-86
-97
36
-1
18
33
-20
-45
70
-70
78
59
44
52
-18
40
20
-33
45
-56
-21
-31
77
49
-2
-77
-33
-70
83
0
-63
6
-91
-9
98
-65
-36
89
12
-39
9
0
86
-21
-91
-68
23
22
-42
7
-85
24
-4
-73
31
72
-54
90
47
-65
96
-29
9
-51
76
47
-21
87
96
33
40
52
82
-19
-81
72
-63
0
43
-4
-3
-79
7
-77
-27
44
43
45
-76
37
-68
-69
-49
67
42
-45
-2
-50
7
19
38
4
-52
16
-58
80
83
-94
27
10
93
57
8
-21
-79
32
-82
83
34
66
51
-57
-51
-35
25
19
99
-86
82
-59
-25
97
75
12
-42
-4
33
60
-1
-51
-100
-1
-47
74
-37
-11
-12
-22
-36
74
68
90
35
47
15
-4
-50
-2
-58
-99
13
-18
8
60
68
-96
-28
29
25
-40
-90
-74
6
-68
-21
95
-87
69
26
-96
-86
-70
-70
32
14
-40
37
-40
-64
-33
-96
37
92
-85
-31
-73
-98
20
-24
76
53
23
68
-64
-86
-7
10
-36
44
35
28
12
62
88
59
-33
52
1
14
44
1
-2
-28
-18
3
32
41
-37
0
64
26
92
0
3
32
56
-85
98
32
12
40
99
-63
33
17
-44
-43
-31
90
96
94
-22
33
43
80
15
-62
98
-17
-52
32
-12
-73
-10
70
-49
-57
55
59
-51
-19
12
75
55
71
-70
-86
4
72
-43
-47
-95
10
91
2
80
-85
-79
-58
24
81
27
84
-35
70
-83
-42
-11
80
30
-51
19
-38
85
92
96
-2
-87
-34
53
-3
21
18
10
-21
98
32
78
90
53
88
-94
-57
-94
-79
-46
-27
83
-89
-73
81
95
36
-88
63
97
7
9
-51
31
25
-46
64
40
30
-85
84
15
28
-96
-1
-38
18
38
39
14
-78
87
-15
-61
-41
78
-80
-63
-97
94
-1
-14
11
-46
29
93
45
-40
6
-98
26
25
92
5
-63
-33
18
-44
70
32
57
29
-41
47
-54
35
59
-82
85
12
20
-52
53
-89
-39
-19
73
-69
-59
93
-39
-46
-26
46
87
-38
57
59
-24
-54
-1
7
-47
64
-6
-52
-47
84
-3
19
-56
-73
54
9
-66
-65
-12
4
86
82
-35
-59
76
97
-53
-26
10
-31
90
12
74
83
-41
-46
-25
-41
-29
-29
77
-5
24
-73
-66
54
28
3
28
81
45
8
59
6
-83
82
10
61
28
77
-79
58
18
-53
-89
21
13
-49
-48
-24
-59
-66
-31
10
65
-24
-46
-84
35
88
61
-73
-49
8
-50
-49
81
-28
4
-77
-80
-9
-9
-11
83
-49
66
-77
2
25
42
-20
-8
72
-9
56
-55
52
88
56
26
-48
63
2
-21
81
65
-12
33
95
47
-64
-12
42
-59
-62
72
55
-40
84
1
0
-13
-88
-83
97
-22
-55
60
76
-21
99
-20
52
20
89
56
40
-98
3
25
-63
11
-6
-68
-50
64
-90
-7
53
24
35
-52
21
-94
-31
15
-30
-31
-31
79
85
-74
-31
61
66
-8
30
-73
-48
-32
68
-43
-89
12
8
29
-37
-28
28
-36
-40
93
4
-38
-18
-29
54
15
5
-91
-12
68
-89
28
-37
-62
-25
95
-74
38
40
-70
46
-63
53
0
82
-61
75
35
5
52
1
17
13
-31
21
-94
97
-55
7
-20
-43
-92
6
-77
-56
-69
-58
6
41
31
56
-74
-47
4
60
-87
-69
77
40
27
-100
8
94
-69
18
95
12
10
0
74
-78
83
9
-3
-80
-16
-6
17
-14
-41
74
41
58
64
-29
19
55
-52
-74
-79
23
96
-83
57
14
96
-36
70
-49
-33
50
-23
-35
-8
-64
-51
70
-9
-1
9
76
-83
-65
-39
-78
-76
38
-93
17
71
78
5
93
39
99
-44
-24
18
34
64
-84
12
20
76
91
13
77
-15
70
70
40
30
-59
22
-47
-88
-70
-56
5
92
-86
-94
-85
-84
81
41
-5
56
-90
-56
-12
-29
-51
68
-83
62
-64
29
-22
31
-74
77
-91
-39
-40
68
-82
22
42
-52
-48
29
49
76
-6
-28
97
30
-16
48
-97
-55
-39
-60
46
89
-63
-71
-25
85
-5
94
-7
-34
56
-4
-19
-48
-21
49
88
35
-93
80
-34
12
-18
-83
-81
-5
50
83
19
-62
34
-30
99
70
93
-33
-95
-46
-50
6
-16
-5
-94
-19
66
-9
-8
-88
-47
18
31
-63
74
46
97
-77
-95
27
-7
-50
-29
31
-13
-87
97
-33
7
-58
-6
-55
38
50
83
-98
39
95
-36
35
23
14
36
-89
38
27
-96
52
62
-74
15
-46
-2
76
-60
24
-44
-88
67
65
-86
-26
10
-69
10
-6
-6
-3
-35
-12
-81
-92
11
-61
72
50
59
-58
36
40
1
3
-21
-90
78
15
35
15
-69
31
-98
-11
84
-62
-51
40
71
64
87
15
48
-33
-87
-45
-84
47
-98
26
-11
-68
-4
30
-73
41
96
86
-13
13
94
-64
27
-3
71
-5
66
-95
35
-8
12
18
52
-85
-6
-65
47
-21
32
86
-94
60
40
46
-14
56
62
55
59
-37
29
83
7
-96
-76
56
30
86
-93
-56
-98
25
-43
79
32
-44
-88
96
-86
76
30
-74
56
71
24
30
26
-56
4
6
74
-30
-32
86
44
-15
-90
-97
-10
-46
-37
46
-6
67
-91
-25
29
46
-27
-64
57
-29
-61
54
37
75
-29
82
-71
89
-71
-10
22
93
77
72
20
31
-13
72
60
-27
-56
76
43
98
19
-75
-56
31
5
-91
-29
-45
63
-16
-54
97
-97
78
89
-95
-30
9
69
-46
-32
-91
15
-31
52
10
-92
-67
59
-43
44
1
-58
-38
-45
20
-3
36
59
57
42
-34
38
82
14
-82
-8
-65
-79
-39
76
-32
-98
12
-34
-50
-32
-54
59
-84
63
9
1
-16
-2
-10
-32
48
-85
-14
-60
29
-89
-75
69
-18
31
-89
28
-8
-85
69
-76
-53
58
92
-91
35
-40
97
-65
70
20
20
-5
8
21
59
-46
-89
30
58
-10
37
57
16
-32
78
69
-98
85
-50
41
-4
44
62
-18
31
-25
16
40
-42
-94
-44
-78
-13
6
-53
-99
20
1
76
1
2
65
-48
-51
-73
-73
19
42
88
80
85
36
99
50
14
-37
12
-79
21
13
96
62
-86
-83
-31
-86
75
-2
-57
-96
-24
43
-84
53
-73
74
-18
54
-25
0
41
36
-58
99
2
-70
-1
-62
71
-61
16
-35
-70
-15
-57
-34
-36
0
73
52
16
74
-66
-64
-95
63
-74
86
84
83
92
75
-100
-62
71
67
31
72
-6
-98
41
35
96
-97
15
-89
-7
-43
34
-11
-45
-2
85
53
-80
24
71
71
-40
-87
14
-42
-7
58
28
93
81
95
62
3
-19
40
-18
9
83
25
-48
-36
-92
-8
78
91
45
-22
59
-9
76
-5
-62
-70
-67
20
93
-39
94
40
66
94
45
4
-81
40
10
-36
-72
83
-42
-90
-55
-92
-24
-79
-3
83
85
-12
58
7
-92
82
55
-54
-42
23
34
23
-38
76
31
75
-22
62
-41
-23
51
-40
32
-45
-20
-52
-84
44
20
-60
24
45
6
-54
58
-14
-87
91
1
-28
-99
-52
6
32
-10
9
23
-74
-77
-18
69
-67
-33
-18
98
-94
-5
-61
-33
-8
-29
74
-27
31
72
72
83
92
-97
-11
85
-59
33
29
-38
95
13
89
4
-55
13
-34
-66
57
0
-21
-21
35
-73
83
57
1
-6
-71
57
3
-72
-9
-63
1
65
-24
64
-96
-42
97
26
63
-67
42
82
46
-10
-2
74
-18
-80
85
-71
-26
26
-15
40
-83
-59
84
-53
-73
26
55
-21
18
98
-22
90
92
98
86
84
-25
72
-34
-14
-64
69
3
-27
3
87
55
-62
-67
-86
-13
95
94
-82
11
13
53
-31
13
-47
71
22
-86
-39
-46
71
-15
-75
-79
98
-29
10
14
-100
-44
-54
-49
55
75
-5
44
-15
-8
93
-13
62
45
-4
57
-92
44
-95
-30
50
18
98
-35
85
43
61
49
-80
-92
36
92
-87
10
64
12
-12
-64
51
-71
89
-78
15
99
-97
99
74
81
50
-13
11
-20
-65
-86
11
20
52
-91
-47
-95
42
6
-93
24
-58
-58
21
3
-23
-67
-97
-36
-55
-54
-39
30
27
-93
66
78
16
-60
74
32
-25
84
-15
31
-50
-56
51
24
83
58
24
-72
43
-77
78
8
-67
9
35
40
-24
66
-20
-7
19
-97
-45
-48
-24
-80
46
14
-93
-1
36
-29
-61
43
-30
-65
28
29
19
-98
-50
-70
53
80
41
90
-91
59
-24
-17
92
71
-51
-32
-29
44
-64
19
19
-7
53
-35
-89
-62
15
42
-3
-61
-61
-53
31
13
-37
-80
71
-63
36
-44
43
77
-58
68
-91
17
53
29
-61
-33
-22
10
93
25
77
-45
-9
93
40
-13
58
-42
-60
-4
-24
12
-27
1
18
-76
-75
-45
-14
97
55
30
86
83
-49
85
-86
-42
17
-48
-100
-11
-7
-60
96
5
-25
-62
-38
-76
-20
-88
39
-91
-42
95
42
82
-13
12
-100
-38
-11
-27
85
44
-75
57
-98
70
-36
-19
84
70
-62
-27
54
26
73
-46
-38
5
4
-38
-6
24
34
91
17
68
83
2
-10
-12
28
50
97
-18
40
-56
76
69
-83
78
34
-73
54
-80
86
27
-99
51
-65
82
-77
24
-16
50
68
-97
-64
3
-88
19
39
89
-51
-29
-45
2
93
-57
-56
73
63
30
-76
-13
-97
-21
-71
19
-50
35
-78
66
-81
-4
-5
-62
47
-29
-55
11
59
-21
-78
74
-37
-80
53
12
76
38
-49
-70
-18
43
35
71
39
64
8
-2
-52
-48
29
-23
-35
-42
-9
56
23
-22
-39
-74
-68
18
95
84
60
-57
-6
-96
59
-24
24
-10
-64
81
2
-99
29
4
13
-79
-28
43
-52
62
-68
84
-67
63
46
69
39
-75
7
81
-21
47
-29
-20
15
38
41
54
37
33
88
-99
-76
-38
74
90
56
78
2
-39
98
-93
67
-60
-60
-81
-94
-87
26
-57
87
99
-83
26
-82
-15
-8
78
-7
5
84
-28
4
-43
-100
-59
-5
-68
-62
-60
75
-37
-77
-73
-2
-1
38
39
-27
84
-27
-71
-51
26
-82
32
65
51
66
6
-92
-45
-92
55
86
-59
20
-65
55
-44
-18
28
-37
73
20
-11
-76
2
86
-21
90
1
-83
3
-12
-62
17
42
-76
14
32
59
84
-100
59
-72
-53
-83
-32
-85
97
-77
-88
90
38
13
46
-36
13
57
45
-61
30
-43
65
56
58
-20
47
4
81
-4
1
93
-95
-11
33
-39
11
74
-38
-44
-48
-47
-82
84
77
63
-49
-67
-62
77
-43
91
-60
23
40
-95
8
14
-11
9
89
-12
-72
-51
71
-23
42
-6
73
-60
-29
90
55
57
48
91
-72
-23
67
12
45
-3
-12
88
12
60
-22
17
-74
91
36
-9
2
64
-12
-61
-93
-22
-50
25
-53
-15
23
-37
6
50
-66
-22
22
96
14
98
25
-2
2
81
-36
-92
-94
12
85
-39
-74
14
-92
27
37
64
93
-95
-48
-2
-70
-80
18
83
-39
-22
-1
51
14
62
37
21
-20
-22
-28
-36
-67
-22
-71
24
-88
-73
-7
91
79
-91
-58
40
48
39
-33
-72
12
81
8
3
17
80
-65
-91
-94
19
-42
-3
99
-98
-65
-93
-38
7
-81
26
89
16
-52
11
-89
1
-39
-5
-32
76
-80
-18
15
-95
57
21
91
8
51
90
88
20
25
-68
93
-22
25
-23
-45
-17
-53
-6
98
24
-31
-19
2
-47
60
-47
-67
-79
-61
64
-70
70
98
-83
-66
75
-92
21
17
57
-71
31
-2
5
72
-92
12
-56
23
86
13
83
9
28
64
67
-84
87
88
-98
-85
33
65
59
-98
22
-43
23
43
44
-8
77
-43
-29
11
-98
-23
57
-74
41
15
-9
1
-1
-86
-90
-58
63
33
-91
-35
-14
-95
99
63
50
63
-14
38
37
-54
58
71
64
61
12
-2
-32
15
61
-82
-18
-16
-90
-32
-33
55
-48
-100
-99
45
3
16
-94
22
-55
-36
29
99
-81
65
-56
-99
-26
41
-97
-97
-23
57
73
-20
-61
27
-90
-61
-56
28
19
-35
97
42
-1
-25
75
73
4
-66
-98
-69
92
-26
88
-88
40
-71
24
36
73
12
-56
29
90
32
-82
62
-32
-87
-76
-40
-43
-50
-45
55
-83
-43
-99
-95
-78
40
-46
61
36
-37
-54
40
-9
-59
-44
20
-33
64
-88
4
57
25
-69
-11
57
20
28
-21
-47
90
-67
-2
96
-19
-20
8
-65
-87
-16
73
34
95
83
93
-77
80
43
-57
-28
-96
12
50
6
-47
60
-33
-48
41
6
-43
-47
-11
28
-45
44
-84
-90
63
-45
-25
78
-86
-6
-36
-42
-11
-24
1
83
-59
-29
-68
-44
-84
-73
5
58
76
96
24
6
80
-43
79
-92
74
-85
70
-66
-49
15
71
43
42
52
93
89
-57
59
83
36
-79
-82
-40
37
81
85
46
56
5
1
-94
7
84
-2
-82
-22
-20
-99
8
-19
55
8
-74
86
-86
20
34
-75
-96
32
-43
-47
34
-18
72
-76
-31
-35
-70
-84
54
56
74
-2
-48
-79
-55
-6
-9
14
-45
26
41
-82
40
86
-89
87
-49
2
-63
13
34
-18
58
92
79
84
94
19
-9
-13
94
96
30
96
-51
76
82
-59
-1
86
14
22
97
44
20
55
61
92
-79
77
96
72
96
74
-47
-23
-64
-43
40
25
37
-94
-22
-66
-56
86
89
-62
79
-25
-80
56
99
-28
0
77
-51
66
-91
81
-40
-47
-40
-32
88
31
22
-64
22
-64
-86
-81
22
-34
-46
-68
92
-7
-68
15
28
-15
-30
-32
-34
29
-85
-3
-88
-11
-7
-44
55
-93
59
-40
-90
-28
-50
-97
-83
-2
-63
28
11
-3
30
67
-69
-88
17
-1
47
-67
47
79
5
34
63
-68
-51
34
-34
-14
-25
-93
-76
-82
-61
-3
38
53
-5
-46
46
-70
-70
42
96
-8
-61
-41
-6
87
-95
29
64
-93
-62
82
0
25
-8
-38
59
17
-3
-74
17
-39
91
-56
63
95
-61
12
-58
-37
-5
59
-21
52
-90
74
86
-8
47
-39
55
-96
-67
-98
-55
9
-84
-84
-17
72
79
27
98
3
-66
9
45
-86
25
34
19
28
0
-75
58
8
0
-61
80
98
13
-59
8
27
-100
15
-14
-62
82
52
18
-92
35
-41
5
28
6
-30
66
-65
-6
-40
55
39
-13
70
-63
58
-37
75
21
-2
76
-67
-25
31
51
-65
79
-19
-29
78
37
-29
58
62
74
-96
-38
-63
-73
12
-17
-89
1
-66
-17
-74
-33
8
86
73
-40
-29
-8
-43
57
-29
37
-69
62
-54
58
98
63
-40
-73
20
-7
-75
80
49
31
89
64
89
42
-5
-86
-81
43
22
7
91
-95
35
-44
-91
16
18
18
-53
-83
-60
-8
86
16
28
-94
-36
-13
-54
80
66
46
3
-68
54
51
-35
23
72
-37
-25
-60
8
-90
20
45
-24
25
14
76
-94
-61
-67
-55
2
46
-41
-81
-35
-96
-38
34
-15
-57
-43
53
79
-41
9
-40
-84
63
-71
-88
-84
12
57
20
-14
-22
72
23
10
-55
60
19
-50
29
-33
-70
77
33
-85
-43
41
12
-86
-93
-12
-20
63
51
36
-7
-63
19
-78
2
19
14
21
2
-93
57
71
-25
-69
10
33
-86
97
-44
65
9
-24
94
-76
-78
40
-54
-5
-62
-38
99
-14
82
-49
35
80
-93
5
-7
21
-73
-38
-87
-86
78
-53
-98
-25
-96
-74
70
58
65
-48
37
-65
41
66
-46
14
61
39
3
42
30
-66
-89
-7
-93
-84
-11
90
-91
-72
-81
-70
43
-88
-78
96
1
5
-63
22
-89
-20
32
