-18
2535
92
85
-65
11
-9
44
7
45
-35
57
43
66
35
8
-33
-75
80
-26
70
-29
35
-23
54
30
46
46
8
27
63
-61
7
-62
-89
63
-90
20
55
-67
-29
93
8
-92
-65
75
-39
10
23
-11
21
90
30
-24
49
-96
17
-78
-75
-26
-41
54
26
71
-24
-67
-4
-68
-53
-13
-78
-2
36
-74
-20
-64
55
-38
93
-94
50
-95
-70
-57
26
4
-90
1
-73
30
97
-98
-51
44
34
10
-63
46
-47
91
9
39
-32
-84
-25
81
-64
81
-22
-95
-92
54
-49
11
81
-78
-41
-36
84
-63
-4
87
-23
70
-99
37
-41
30
73
2
55
86
-32
75
30
-93
-49
20
35
-22
98
-43
-34
43
-20
94
-39
95
64
64
2
-11
-88
15
-28
96
97
66
1
77
99
62
93
-95
9
-44
-40
-89
81
-40
38
86
86
-98
78
70
-34
63
52
-65
48
-42
89
89
11
71
-32
-58
-63
41
44
14
-73
15
64
-92
97
51
-95
5
90
-32
-50
60
-2
-97
-67
-45
-38
-86
-6
-58
6
-52
-28
-58
17
-93
-3
-38
-90
97
-7
-41
40
-67
-43
-99
-38
36
11
-39
-34
52
17
46
4
-38
-58
-100
-34
26
-18
-32
-78
-60
75
61
-18
28
-38
15
99
23
-62
2
33
72
93
94
21
-71
-5
57
-6
71
34
85
59
18
-16
-84
54
-85
19
-38
59
-10
-1
87
69
-18
-99
-32
-78
52
-97
43
-55
-60
72
74
-21
-25
-90
59
81
85
-63
-61
-60
-17
3
16
-92
14
32
-57
-4
-29
-100
-26
50
32
-95
34
2
79
93
4
98
6
-92
-79
2
-71
81
84
-43
80
84
-30
-24
-2
-67
54
-88
-2
-99
6
24
1
66
16
37
69
54
-9
-26
58
49
99
48
-2
51
89
-44
-9
-56
-99
87
78
44
95
91
54
-39
-87
20
54
62
53
32
78
-10
78
-80
83
-94
-31
-73
41
34
74
63
16
-26
37
-29
7
59
67
-99
10
-21
-18
38
-31
7
38
74
-93
-64
-73
26
-88
44
96
-10
-53
-79
63
-55
-69
-20
31
-28
76
-30
-38
74
62
80
-48
92
13
34
-100
-9
-97
-15
-53
53
90
33
25
90
-68
47
-76
45
51
94
-56
55
-32
-61
21
7
98
20
-32
44
2
-2
76
-67
91
-44
-95
82
85
-10
32
52
34
75
-41
49
22
-65
54
41
64
-59
41
-39
47
40
2
1
-97
-89
-99
15
9
-55
20
46
-50
60
-47
-99
60
61
98
68
-22
-19
0
77
37
39
93
-15
-93
-15
20
80
-38
30
34
-21
84
21
-35
-1
55
-84
97
53
-47
54
-16
34
4
-69
60
2
53
63
-32
13
-67
66
32
-20
69
-91
-31
58
-69
15
72
-100
-18
40
-74
74
49
54
58
29
-98
17
79
74
33
54
12
-1
40
-99
49
31
0
1
-7
35
-27
3
45
27
-85
-71
-6
-47
-64
-89
-63
-23
-8
-55
5
18
-93
-86
94
-57
47
-60
-40
57
-71
73
15
-30
70
19
-75
-2
85
27
29
36
-35
-49
-51
67
36
-90
-79
91
-26
-60
-12
51
20
71
88
33
33
30
37
-76
-56
-20
-86
65
-88
-14
32
-78
71
-24
73
-50
-53
-26
-39
-14
-95
-42
-36
64
83
-73
36
63
69
-19
65
-62
7
-71
-77
9
6
-14
45
1
20
-13
72
24
-100
-17
98
44
84
59
52
-59
-60
73
9
-72
13
91
-63
30
57
27
82
48
-11
35
-54
-88
-71
-19
-96
-90
-2
18
-17
-13
67
6
40
83
-23
-28
-34
51
-73
-77
-29
95
52
42
-94
-27
75
-76
57
-11
33
44
-50
-8
-24
-15
-53
46
16
76
1
22
-77
67
2
-97
37
-26
-99
-84
-19
-99
-68
50
0
-14
22
-23
95
94
23
56
32
54
-54
-35
36
-4
32
75
-98
58
49
69
55
-75
-86
-15
72
-43
11
-81
-91
-14
12
-58
-46
72
36
-28
-26
-85
-12
-95
25
25
-47
29
70
57
56
35
-50
-80
56
-41
21
72
81
58
-21
47
22
81
-87
43
73
13
-3
24
-39
-4
11
90
43
77
36
-58
-85
-36
-16
-50
-98
92
3
35
-36
36
-88
93
48
-24
-86
53
-67
-70
-80
-87
-36
73
72
-68
85
-38
65
-66
-53
-59
-64
-30
38
-3
-38
43
-89
-82
-8
5
90
-50
-53
46
-63
-98
82
19
-81
-50
-83
62
-89
7
-82
8
38
37
-98
-14
56
-49
79
41
40
9
44
-81
-11
37
-4
15
67
36
3
3
-86
9
-92
-52
3
-85
79
26
82
-37
-32
-25
59
-16
-33
43
22
-2
95
-50
16
97
-46
-15
31
67
-88
-56
-89
-33
-99
-32
37
-59
85
-49
22
42
-90
41
31
-5
44
56
92
29
21
40
-23
-6
7
64
-15
27
59
50
-37
-100
22
-77
-61
67
-39
93
-4
9
-16
-91
21
-45
-18
-94
-53
-87
37
-69
55
-47
78
-51
25
51
42
-62
28
-88
79
-51
-99
-20
74
-69
99
89
-23
89
40
-19
74
14
73
50
48
-18
22
-8
-87
17
88
42
27
79
5
39
45
-44
-64
48
-40
-54
88
-37
-24
-91
79
-18
38
22
-12
-8
-59
54
61
79
-86
73
-53
-75
-85
-75
49
-76
-79
-82
78
56
48
13
-93
77
79
4
-5
-61
-78
40
43
-14
-87
-31
-53
-9
-33
-13
77
20
11
2
35
-25
-84
-47
-2
-24
-79
-3
-34
14
-84
63
82
-36
65
-17
51
-17
42
-60
12
-72
-69
40
5
-59
50
-14
44
-3
-99
-1
-2
-28
50
-28
35
-83
-81
-2
-72
70
-5
60
-71
49
-47
66
-70
-47
12
-47
65
-23
-31
-26
97
57
-26
76
90
92
14
-50
-66
-42
22
38
-38
67
3
-74
37
-35
97
-5
-7
-5
64
-18
-70
10
64
-97
-71
59
-54
-1
-39
52
-54
41
32
34
-72
19
78
-71
64
-67
-18
-61
-7
0
-85
37
79
77
-80
15
-34
-91
-10
-55
75
-60
-77
-26
87
-70
-17
-76
-65
1
57
30
53
99
40
-94
-43
-29
-78
63
-38
-68
-100
66
86
64
-36
41
-43
-60
-66
50
-53
-58
21
32
-90
-44
56
22
-94
-38
49
-60
-43
14
88
-97
-92
-56
-95
97
92
68
-13
49
-44
81
82
54
79
51
17
-28
15
-63
6
92
35
-79
99
70
-92
-45
13
-81
32
-46
23
-4
-31
13
-65
-96
42
-86
19
44
64
-99
82
-23
74
-34
-22
29
34
59
-53
81
-58
4
35
-8
-43
-67
46
75
29
1
75
-85
0
-63
-90
-24
-88
47
-73
64
-5
-94
-17
-10
49
-91
18
-4
-14
20
-26
81
32
-57
21
-23
56
-9
56
-17
-81
32
-69
-82
-8
-86
69
39
92
-63
12
40
-64
-24
9
78
0
-57
20
-48
67
-8
-63
99
-56
89
60
73
-96
-40
4
-32
-93
9
-27
-44
-15
-68
87
-87
78
-81
-54
78
89
-68
93
-43
-91
17
33
11
15
-83
57
30
-84
-49
38
-57
-81
64
-93
73
-76
-67
64
-40
-27
-84
97
15
-56
44
71
-35
66
4
-23
-23
38
-42
-59
-14
-70
10
-27
-45
-73
-13
-33
-29
-80
-34
62
-8
13
7
-100
44
50
33
-35
-9
-6
41
-32
59
12
-29
-88
-34
63
37
0
45
-43
9
93
85
-5
-79
-77
21
9
40
26
82
5
-68
-45
-84
-74
44
81
75
63
-69
79
94
-38
-99
57
14
85
46
-23
42
16
41
25
51
-91
32
-94
-92
54
-48
-64
59
-49
47
-53
-73
-83
60
87
86
-17
70
6
-30
-10
95
-65
54
-54
29
22
64
-76
-9
-9
-63
83
-48
2
-84
67
21
28
1
-54
-58
92
52
-62
84
41
-19
-35
99
-23
-41
-77
-55
91
-61
-75
14
-80
95
-97
54
-19
-92
-55
-57
-21
75
9
-24
-5
31
-27
-66
-43
46
17
89
-2
37
-100
-12
60
54
25
-70
-57
65
21
-90
-56
87
-98
60
-29
77
6
-49
-30
-91
43
44
48
-60
16
-78
6
65
88
-90
-59
6
-27
-100
91
-39
-11
-19
-65
-55
-7
-27
56
66
-42
76
20
62
-61
8
20
27
41
-93
84
-33
36
68
64
-26
-34
47
17
75
41
-47
81
-39
62
23
47
96
20
25
-13
-32
82
30
2
-87
-91
-66
-2
57
62
-5
-48
-4
-3
-37
57
-43
-7
-94
65
20
-4
18
-68
57
78
-79
-34
29
24
-81
46
57
-100
-80
-61
34
91
-71
-54
-5
50
51
36
-3
58
7
24
-83
-64
-48
67
-26
82
61
-14
-33
40
86
13
63
-73
-65
45
86
27
-8
36
-31
-87
97
-31
19
-21
31
75
-82
-49
-8
7
-97
-33
83
-91
22
60
77
-51
35
-48
46
-60
-93
41
-22
44
64
-94
-11
-29
10
-82
-38
-53
-83
71
89
-59
-30
21
88
42
-97
17
32
-91
94
26
-80
16
38
-66
78
84
24
-81
10
66
-20
-59
-75
-79
-52
77
54
-37
55
95
93
-57
69
10
91
31
77
46
-5
24
70
75
-12
-4
17
-32
61
23
27
70
29
-71
-93
-58
-54
47
-33
15
-54
-26
28
-3
99
17
-81
-66
-14
-97
-87
29
70
98
-87
29
52
-90
-88
99
-74
-88
29
27
50
64
40
41
-81
-99
2
-28
86
59
6
27
-27
-54
10
4
-30
48
-48
-71
-69
-36
45
-27
-8
91
-60
20
-4
76
21
-7
-98
-89
-88
94
-75
-58
-10
14
5
-31
78
-94
12
29
47
40
-9
53
68
9
26
42
-21
61
-52
-46
28
22
-50
47
80
58
-54
64
43
-65
-86
59
-38
-57
88
66
6
50
-77
95
64
-58
-63
-60
58
-52
92
-93
-78
-85
-56
-56
82
-9
88
7
-93
99
-74
88
59
-69
44
50
15
21
27
-81
14
16
40
89
39
47
97
-55
32
-63
81
36
-1
42
-39
0
-51
-44
-14
84
45
-67
-29
50
-61
7
-93
52
-29
42
-21
22
-81
-24
80
-35
1
3
-81
-24
3
13
-57
1
36
9
-24
-24
10
76
72
-51
6
55
-47
-20
20
26
-18
84
-41
46
46
17
47
-84
74
-3
87
-11
-65
-87
65
68
96
-44
20
-68
73
9
96
5
6
-99
-29
18
7
-95
37
90
93
-25
40
-32
40
-61
-87
73
59
-92
-13
34
-76
96
92
62
47
-33
65
-47
34
-52
69
-81
-81
21
10
-63
-11
-96
13
99
-19
-85
1
25
-4
76
-87
43
-63
1
-12
80
-86
58
85
47
-5
49
-99
11
-82
84
-59
-73
43
14
75
0
97
-32
25
18
52
-16
-19
-90
56
42
-9
-61
56
22
-60
63
85
96
-67
-95
-17
-19
-27
20
31
17
-37
60
10
-40
-46
-86
44
67
10
-60
-6
85
79
-13
-41
82
-7
-82
78
-69
29
65
-95
3
-65
-58
7
83
61
13
85
70
13
30
-46
-70
30
-32
-70
-32
56
-61
-94
-17
-89
77
-64
78
34
57
89
69
96
5
-29
-49
77
-20
48
-27
-30
75
-45
92
-62
13
-84
68
-4
-73
58
30
41
-65
-14
-3
34
61
-55
82
-31
31
-92
47
49
-3
37
25
-70
-19
82
78
-54
-57
9
-93
10
13
-49
77
79
75
-22
59
43
-33
56
67
90
87
-79
47
63
-49
-69
-14
80
54
-16
73
-37
67
-55
29
-85
93
56
76
-10
35
31
-14
56
82
40
-24
-42
-93
-77
-14
-33
-63
65
-97
59
-69
97
52
31
-21
87
96
74
1
88
45
-80
44
62
-39
7
-38
51
-12
48
-8
-81
-39
-86
27
64
-44
63
-12
-20
-99
-11
-24
67
-61
-65
-56
69
-92
-16
22
81
21
-81
-67
49
-65
11
-18
-78
-55
-17
-57
76
69
-87
36
-6
82
-100
30
-72
-8
89
27
-27
9
-53
-5
45
-82
-78
47
9
44
-57
52
30
33
83
16
24
-11
23
-28
74
-40
-18
-49
-67
85
36
-33
-20
-92
-21
-21
-10
-65
-67
94
70
96
-24
90
-40
99
9
25
63
98
18
-81
47
75
-60
-100
34
-52
16
-83
-52
24
-95
58
20
37
3
-100
-4
-83
31
-73
34
53
41
18
52
-79
14
-73
-96
-53
-50
-22
-66
3
5
-63
37
31
-98
-97
38
-10
-93
-76
-6
-67
-14
53
84
-96
86
-28
-80
-80
98
-46
85
-16
-72
96
-71
-53
30
-64
-64
27
51
-33
75
40
-15
-81
96
24
-77
87
-98
-78
98
-72
-56
-61
33
46
-46
3
73
16
-53
29
-66
-92
66
81
-7
-70
-81
8
-47
83
-27
-51
-99
-88
-30
54
-99
63
76
86
-50
92
28
19
-93
-34
95
-48
-51
-11
-80
95
-8
-36
40
-2
-33
-42
58
-9
-46
-16
16
28
-52
85
85
-75
92
-62
9
17
-39
62
82
57
34
22
-34
-23
29
1
18
81
-52
7
-12
-67
-90
-58
87
-24
-83
67
-82
-69
-39
12
-93
58
71
68
48
-82
-26
-91
-50
-17
46
39
-53
-63
95
2
40
-55
10
39
