25
4144
-58
84
-26
-14
49
5
-72
18
40
75
-98
31
-58
6
-35
-22
15
-80
-82
-38
58
-25
-68
-40
86
89
93
59
73
-13
96
73
95
17
-44
-17
7
-22
96
95
-25
-74
43
84
49
53
22
61
77
68
-30
99
-66
4
-74
28
85
-54
89
-42
-67
-64
99
-55
20
-95
97
39
-2
-21
12
-61
3
-58
28
87
-75
16
-13
-40
60
-97
75
42
-89
88
37
-32
-90
37
-24
-17
68
11
40
-80
55
25
-30
-65
6
99
-91
58
-25
-66
-24
-6
-25
69
-97
3
-87
89
-80
-29
37
15
-50
-2
19
-64
-6
-89
47
49
10
-49
-22
-95
-70
-44
17
-9
-1
43
-62
-42
-98
24
95
12
-65
97
23
73
82
77
-41
87
-92
12
89
-54
-75
34
68
-35
-85
-85
-18
-72
68
-45
-50
47
-65
8
62
87
52
-77
96
5
37
82
-86
27
6
25
86
65
90
4
-21
-71
44
16
22
87
6
-18
-93
-94
-48
-49
51
-49
65
-49
-46
99
-58
-9
8
-27
-57
10
50
13
-59
42
-77
-64
-1
-1
49
67
-38
-31
15
71
91
39
8
93
-17
56
91
-35
69
28
45
-82
-52
-85
-20
39
-59
29
-13
29
83
29
19
-54
-12
27
-96
-80
-24
40
51
49
-86
63
-17
97
9
29
-38
-65
63
89
80
24
-34
9
-48
-53
9
96
24
-48
91
17
-12
83
-30
21
93
-91
8
-71
21
15
47
70
-69
-50
-92
36
77
-45
-61
-26
-6
-44
12
-52
-25
-51
20
49
64
-57
3
-78
-33
-80
-50
62
86
-78
39
43
-98
97
47
28
4
-49
-45
71
-69
-51
39
60
-68
-79
17
69
21
-79
-88
72
-64
78
-86
84
-8
61
-20
78
-97
-61
-49
-70
15
-95
25
82
17
-33
56
29
32
43
-49
-68
36
39
-4
-53
72
-51
-79
-3
68
-12
39
32
-6
82
-82
-67
23
78
15
15
83
7
42
70
61
84
49
0
-38
82
-22
51
28
-99
1
78
-48
77
-9
50
-12
80
57
11
70
-94
95
47
-67
-31
64
-60
-68
4
77
96
-5
-93
94
-48
7
54
27
85
-77
13
-81
86
-72
-65
-36
13
-4
52
-30
-7
-96
-41
-10
91
58
-74
-41
50
-55
-21
23
73
-16
-99
-56
-11
92
18
-2
72
-89
-67
47
87
87
87
-78
7
-78
-36
-11
-87
28
16
-68
37
-11
22
75
79
26
3
70
-13
-28
-48
-11
-57
95
47
9
23
-57
69
43
53
-25
91
75
3
-49
76
-54
-85
37
-5
-16
82
26
-49
2
16
-68
-2
5
65
11
85
-67
-74
-63
-23
87
-50
-5
-25
-42
41
96
-74
94
32
47
-60
0
-29
6
-62
3
36
36
-7
81
64
38
-42
-84
-74
-96
58
45
70
79
77
-50
96
-61
-26
30
8
10
-60
33
-32
-62
-77
35
-63
29
-84
31
88
-35
-63
-50
-50
-86
-37
3
34
-70
34
52
-14
-4
95
-30
50
61
-74
51
76
96
86
75
71
-51
43
51
-12
-54
19
64
92
53
-5
-24
70
-10
40
-93
-5
53
-58
20
80
-11
-42
-75
-13
84
-23
27
-28
-49
1
41
-89
36
-15
48
-29
-93
-78
-29
-2
-83
-41
90
-51
-100
70
-53
-33
83
38
46
45
3
-6
88
26
-16
-85
-53
-80
-56
-79
61
-72
-22
-97
-35
94
86
-71
55
-63
-5
-39
62
-61
-95
96
47
-12
-15
98
-45
24
-43
-99
-24
57
-45
-92
-51
-88
99
98
22
32
46
-4
-38
-8
38
-81
95
-35
3
16
-53
-99
-89
-23
10
14
-82
-61
-25
-12
-53
74
-51
-43
72
-61
-92
2
42
-9
37
-61
99
-79
-80
-64
-3
44
-34
71
-52
-28
79
-95
46
10
32
21
-83
77
-21
9
-23
58
-67
24
75
-4
-19
55
-68
57
-94
-75
-88
9
32
8
97
49
-1
5
-24
-55
-16
71
3
11
86
-27
-14
-15
-94
-40
-33
12
-36
-46
-73
-9
65
-94
96
52
23
-32
2
80
-97
-62
31
22
-77
53
87
29
49
19
-42
74
99
-88
47
-66
-51
-55
76
-89
-44
34
-28
84
-21
63
74
-41
27
18
98
83
80
-33
-16
-37
27
76
11
6
-87
-58
13
70
79
-8
59
-61
95
-42
-51
-2
-9
30
-38
-28
-22
91
-24
32
50
8
87
-36
-43
-55
30
-31
-81
-83
-78
9
-10
82
-51
99
90
47
-20
97
46
-29
-52
2
19
89
75
-34
-2
26
18
89
2
9
-19
-33
70
10
-49
61
59
69
40
85
45
42
-55
38
-16
-51
-13
15
63
37
33
-86
-41
52
-73
-96
-90
51
5
-58
-29
78
-34
89
-68
-86
98
67
-69
-30
34
18
-14
-41
-60
39
58
39
-39
-68
-75
96
31
-65
-35
-37
-1
58
60
30
14
-44
54
92
30
73
37
73
9
78
12
-35
-38
-100
-30
72
56
-58
-8
5
46
84
55
9
-58
66
-49
-21
-86
79
-28
-52
86
22
-61
36
54
5
64
-98
25
72
4
5
-30
13
52
-62
-83
-34
38
-77
30
-23
52
-53
-22
-27
-42
38
36
-56
-9
-98
-81
88
78
-69
-32
54
-7
30
1
-52
2
-73
82
22
16
31
-66
56
-18
61
79
90
72
-78
-95
-90
-13
69
6
58
-55
30
-66
87
-40
79
24
-8
77
84
37
30
-55
63
5
-84
-20
86
57
-88
-4
-8
-67
10
-53
79
53
61
49
73
81
12
72
-98
95
15
-54
67
98
-70
-75
57
43
35
-51
-16
52
67
65
20
71
82
63
-39
88
16
-1
-64
16
-89
-79
60
39
-42
70
29
44
-42
-93
40
-52
-21
-55
-12
-38
-13
-42
-15
85
-10
10
-39
-34
-6
-75
-72
87
24
17
88
95
-55
46
-63
52
2
-23
-58
36
41
-27
44
-82
50
-74
80
54
79
7
85
-38
79
83
-98
-98
77
-40
-87
70
-79
77
33
-53
79
-31
-64
10
-67
-10
-85
-89
76
93
67
27
51
19
-75
89
23
77
-5
-8
-29
-50
77
82
53
50
-86
80
27
-39
16
30
-62
26
70
-90
-29
-38
-87
-5
30
-79
6
91
89
27
-34
6
-25
-92
-56
45
57
-23
36
-47
-60
14
-13
-6
-70
85
-2
47
-3
-43
10
-98
21
-51
62
14
-70
-74
91
20
-66
88
-85
-16
-91
7
99
46
95
26
0
24
78
58
9
-50
67
55
49
25
50
-89
-64
0
21
13
99
41
6
26
69
62
32
5
11
20
41
95
-62
-86
9
62
-18
-18
-83
94
87
29
3
-52
-66
39
73
32
19
-52
8
-13
43
13
4
76
56
-91
-44
83
-11
-7
31
-30
-59
-52
-73
73
56
-45
-38
4
-10
34
62
-80
82
30
72
31
22
-34
-96
30
-94
-99
-85
3
-60
77
-42
50
-16
85
28
94
-87
-3
-7
44
-33
47
-21
-64
-71
44
-3
-20
-89
-51
64
28
19
-48
19
30
24
47
-30
21
-66
44
42
44
10
39
-47
-98
-71
53
83
64
74
-56
-69
35
-84
71
-26
-41
80
53
44
-39
-24
72
-66
15
-60
-61
-67
-56
45
95
-87
33
71
42
-79
-42
78
53
-9
-23
17
48
82
-61
25
-43
5
80
15
-76
-42
81
87
47
-58
56
96
-40
-66
43
7
-99
-7
-18
-81
81
-20
-87
94
-30
-28
14
12
-80
-63
-65
-86
96
-13
-90
-84
11
-61
-21
-99
-83
-73
-22
52
10
-32
-90
44
-63
-86
16
45
-55
36
-87
-39
-4
-81
12
8
17
-85
-28
68
33
-64
55
74
-37
-12
-92
-89
76
32
7
-21
-50
-8
60
81
-57
91
46
-60
45
16
25
-24
91
-97
-1
-90
65
-84
-52
94
26
34
91
48
6
1
51
19
54
79
36
84
-41
97
83
-97
2
84
-75
-62
36
-49
75
-81
21
-89
42
68
50
45
67
45
44
-70
68
-7
2
27
76
-10
7
-28
3
-34
47
55
-54
95
-36
-96
-32
94
99
-78
-17
-94
-2
64
12
-54
70
-98
-88
80
39
-25
-80
17
35
87
81
67
-100
-59
-83
7
-87
7
42
33
21
73
-60
49
87
-11
-42
27
14
-6
32
15
79
56
-86
-36
87
-8
78
56
23
46
-93
-79
31
88
-21
-1
-25
-25
-31
11
80
-15
-64
-99
52
-81
89
-55
-35
-3
-68
-32
-56
-19
-86
-52
90
20
-5
-64
86
2
-30
61
-94
-9
90
61
35
-48
-61
36
-18
-24
35
31
-12
11
26
41
72
70
17
73
18
78
62
21
-87
98
-73
55
50
-93
-77
-16
-71
36
-48
62
62
-78
45
-10
-21
-62
91
58
-74
58
92
-1
-81
-92
80
-95
-28
62
23
-57
78
44
-65
20
-13
-33
16
62
81
-27
-98
-86
26
4
-99
-17
80
-55
66
-14
-33
52
76
-54
50
-97
-3
-40
-31
50
-13
90
-19
-94
83
-2
-83
4
-73
24
63
38
-16
-90
31
-70
84
31
-21
57
-21
12
16
62
-77
-46
57
-69
-24
-62
25
-98
-33
1
13
-19
72
80
65
1
-59
81
-17
68
2
84
42
23
-60
37
-69
-16
91
-55
-43
61
-99
54
-14
0
-47
-67
6
76
61
-99
71
34
-64
-78
-43
5
36
-81
-62
43
-95
-43
-15
-98
-93
-43
51
-49
-6
52
99
-87
-63
-8
-21
-16
-17
36
32
0
4
-64
97
-48
89
-64
11
48
80
41
96
17
-83
-30
-68
-12
38
80
95
27
91
-67
97
51
-6
80
-99
6
-26
-69
-82
-22
41
-43
-97
26
-97
-41
55
-99
58
62
-30
79
-10
42
-87
-93
-25
18
-75
-19
2
-98
-62
72
26
-15
-77
-50
33
-34
-98
-52
-82
-54
90
49
50
9
-44
-18
81
-54
44
62
-9
-97
-51
-79
-70
-22
69
-47
48
53
-8
-86
-25
76
-53
45
-86
-52
-90
-43
-16
37
-10
41
10
-21
-49
72
50
-89
-15
40
-70
-15
-100
-59
10
-69
54
-99
-84
19
97
99
16
44
61
74
-33
48
3
-87
-4
26
81
-50
-69
73
96
-12
-31
42
-29
45
13
-9
26
69
-11
85
6
-70
55
93
81
-54
38
71
2
13
-34
-7
97
-87
-9
50
-83
35
-66
-78
-63
64
-37
-50
-96
-85
40
-43
-11
-18
50
-89
-69
-38
75
1
-99
-66
-85
66
2
-5
-41
14
16
-39
23
-99
5
55
13
37
-84
60
-13
56
-54
-80
24
-7
79
-25
-22
93
49
26
96
-41
9
-82
65
-85
-7
7
-43
46
87
59
97
-100
32
-71
-59
-83
64
33
-54
72
63
92
79
41
37
56
-89
-15
25
28
-36
-34
-23
11
-95
-5
-15
49
13
89
-84
70
-29
56
45
-99
29
-39
91
72
-58
70
-99
-33
9
95
-99
40
46
17
-85
12
0
-84
97
20
32
-75
-73
-11
-65
-20
-73
-94
98
2
88
27
35
-37
-44
52
13
-95
-26
20
61
59
-70
-87
36
22
-34
-62
-52
-10
-97
-37
53
81
98
3
81
8
95
-93
63
79
-3
-33
37
-39
-66
16
-51
-60
-13
-79
-64
47
34
47
83
-29
91
74
91
-39
-56
-43
-53
22
57
56
-85
-70
-33
40
-80
-84
-61
-14
-7
-49
98
-77
27
7
-9
-81
-71
72
-4
98
-92
41
64
-54
-20
-63
97
31
-21
30
30
70
82
-1
86
65
-30
-68
28
-57
31
73
15
58
84
68
-77
9
-73
87
-100
-93
-18
46
63
29
-17
-1
35
-18
-40
98
15
-9
46
10
81
26
-32
-49
-48
-23
53
-57
5
-57
-48
57
-3
-64
-21
-12
-34
-31
83
-61
-60
-6
-6
-44
27
-52
34
10
-26
-44
3
50
-63
71
7
80
-98
90
15
84
-95
-37
22
-21
-42
61
-67
-11
-21
58
-68
14
70
-85
5
-21
-53
-37
-6
42
15
51
72
88
22
-3
67
-18
-60
56
19
46
-60
48
-61
-58
-55
-9
32
48
65
-50
10
74
91
68
-50
-41
71
-27
-82
-22
-46
41
54
54
37
9
81
-72
99
-13
-7
99
-97
-97
-46
-59
9
82
0
93
29
-62
80
22
-69
-27
43
-56
-22
-36
70
-93
-94
-18
-30
51
-46
-59
-28
-32
-67
85
-72
84
-79
13
-26
71
63
-25
50
11
-68
-9
-13
-35
48
65
35
-17
76
66
-83
-95
-46
71
43
-18
10
-46
82
73
24
69
90
-17
72
56
48
18
-40
56
-52
54
6
74
-15
25
46
68
39
83
76
-86
49
-23
27
9
-44
42
45
-77
80
35
86
79
-62
94
-51
-40
-94
82
12
55
-66
-81
-42
73
-85
6
20
-49
48
-95
64
56
-77
-70
80
-83
-4
-69
43
-38
39
-37
49
-53
-23
-42
-96
-82
77
-46
12
85
80
-23
-82
6
-16
64
-6
5
-34
-5
-7
70
-96
-34
-45
-67
12
-16
-19
-8
-13
85
88
53
95
37
-90
79
56
-79
63
72
-58
42
5
13
43
14
26
16
80
-78
-25
74
-30
-45
39
-25
-60
-1
-98
-64
-4
87
-22
38
23
66
85
10
-8
26
-17
-89
0
-33
55
-80
18
23
-79
7
-43
-94
75
31
-39
-11
-9
15
57
34
11
-90
46
72
84
-39
64
92
4
-34
-46
93
-77
-62
6
49
1
74
-88
10
68
-25
-71
48
-71
-94
32
-56
4
79
67
71
-83
83
94
-96
-29
-38
65
54
-9
-54
-21
80
-30
76
-47
57
-72
31
5
-71
54
53
79
-67
-71
-54
9
88
-1
-41
38
-55
-68
-91
58
46
57
6
-31
41
25
5
43
8
19
29
-33
90
-25
86
19
98
23
-62
60
42
-73
-77
54
-87
20
21
-2
79
-40
7
16
-88
-46
-44
33
-92
-98
42
-12
-63
-95
-31
67
-14
37
-89
63
-62
52
-24
-1
-18
-28
-14
42
40
55
71
15
68
-59
10
-41
85
-41
71
-17
-78
-51
-68
-29
-55
80
54
-48
68
52
37
-61
-23
83
-93
-66
33
99
10
20
-74
42
10
55
-61
78
68
26
-38
9
-4
-26
68
-23
82
61
65
31
31
-45
-99
41
-97
5
-28
-30
80
-94
73
-30
-16
44
-100
-89
67
-59
-95
-71
5
-53
-90
7
36
-85
20
-70
91
37
-4
61
92
41
55
21
50
62
-74
-42
-28
-75
-52
-12
93
91
-11
-44
52
62
81
-72
20
-42
-25
73
34
12
64
52
-19
46
-10
47
18
89
45
67
77
24
57
-17
42
6
-17
-96
-21
6
26
91
90
35
-8
87
1
78
-11
70
86
13
-41
63
-21
20
-47
-33
98
-90
-24
66
-69
-9
71
64
13
-57
57
57
20
94
-56
-71
83
-14
10
71
-82
-6
72
9
-52
-9
-24
-53
59
-100
1
10
73
-86
18
81
3
38
-51
-94
-15
-59
-76
-79
-95
-15
21
24
14
-25
51
34
-88
-69
-32
-50
-75
-91
-95
-39
-47
-100
-17
-68
-96
2
-81
35
19
57
-46
78
-64
-75
31
40
-3
-88
-17
50
-66
-75
-56
-81
-90
-71
-77
-66
56
73
25
-98
-74
-32
35
-81
-69
-55
-67
-39
-56
68
2
-30
-52
-13
37
-64
23
9
78
-26
2
97
28
81
-71
50
97
66
-86
-41
-21
-81
-100
4
72
31
11
56
4
-26
-28
-26
71
-6
-21
96
-2
-10
-88
-56
-30
71
44
24
19
37
-89
-30
-74
90
-11
-77
87
-62
-79
65
-12
-92
23
-38
-81
-2
-58
-42
90
47
57
-68
81
-77
-4
-71
-94
-82
60
-69
-50
18
-82
68
51
30
-36
-93
-94
-74
-20
92
-58
-25
27
-51
29
-96
-17
-78
-10
-58
17
-21
48
-43
17
-17
93
-26
94
-59
-92
-2
-90
-73
-91
-21
75
-60
-33
-20
-77
-67
-3
49
-23
-15
40
98
-1
3
69
37
76
90
-68
-65
-36
37
21
-76
-99
-45
-82
-95
57
-44
34
49
-19
-66
-42
-38
-90
-43
-43
63
68
-46
-26
58
-8
5
-66
66
85
-90
-97
19
42
64
-86
8
7
-80
-90
24
-35
-46
-67
30
-35
6
-6
-73
18
73
-84
86
64
78
-59
-32
-38
-34
-21
-22
-85
-71
-90
76
70
84
-100
76
84
-61
19
4
-98
72
-17
27
20
87
80
-74
-5
-83
-13
40
-54
-60
-14
-21
23
-31
4
13
-91
-97
-67
71
-10
19
69
-37
66
-7
-88
-41
23
56
13
86
67
-24
86
-1
80
-69
-55
-67
-47
45
39
-50
13
41
53
95
71
-21
-88
-39
56
-18
26
60
-51
83
92
43
61
-22
-8
95
-54
24
99
-11
40
35
97
-40
44
27
46
6
-19
-93
-6
-31
-62
-37
60
-78
40
-36
44
8
-23
-34
-53
-15
-30
25
-43
-40
74
29
-41
87
29
-49
-28
-62
82
-11
4
29
53
87
44
-56
10
-12
-47
92
18
36
-22
-82
14
-95
-57
2
-74
70
-67
-31
61
-30
3
-37
8
-74
-34
1
65
4
-81
82
-9
67
46
-40
-10
58
-32
-65
-12
91
-72
55
16
70
79
-90
-85
4
-80
19
57
18
2
-10
0
-69
38
-49
98
59
-92
-12
55
71
-92
48
29
95
70
27
26
-92
52
-37
56
-45
-62
55
-88
-10
68
-15
42
-48
76
-18
6
-93
-17
28
59
39
-46
-15
-89
-14
28
18
-73
-93
17
-39
-70
-52
23
-34
-10
58
-31
68
-31
-48
-20
84
-1
-28
-6
35
40
-95
-15
52
-82
88
86
-93
-49
-51
-44
47
-70
8
73
-86
-7
76
83
76
-30
87
69
-29
61
11
36
31
-16
-48
36
-66
-27
-47
95
-24
6
57
20
-68
12
67
25
19
-61
5
75
22
-65
33
-94
-53
29
76
75
64
15
-11
-77
-65
-47
73
-40
12
-12
94
-32
-12
-83
-70
91
-28
-51
-85
-19
-93
40
-29
23
30
13
-62
-91
89
44
-78
60
-15
85
63
72
-83
-35
81
-66
-75
84
66
-45
30
25
77
-67
-3
70
33
25
-64
-77
47
46
-96
39
-49
9
-13
74
-16
86
-55
72
-80
-17
-69
-62
-34
-82
68
60
77
10
29
89
-74
60
-69
-24
2
40
74
-91
13
-87
-72
-88
4
-14
-10
-35
-49
45
-45
14
73
-15
72
-57
23
-76
37
89
-87
35
-9
-51
13
39
13
-34
-8
-21
89
32
67
-82
-15
-38
95
56
31
19
13
99
-59
82
18
-4
-10
-28
29
77
72
-84
-84
43
67
43
77
24
-7
-90
-39
-77
54
91
-37
-94
74
92
-28
-89
36
-89
-21
-72
-32
-84
-18
-35
-4
-51
84
26
52
47
-33
25
-15
-53
59
-61
87
-81
88
58
-7
73
55
87
-61
85
65
67
-31
1
-29
-19
-91
57
-31
-15
27
73
-19
-65
72
-66
8
18
77
-52
-31
15
-5
73
-29
-58
63
-15
10
7
89
65
-95
36
48
-95
16
-73
83
-42
37
-44
-58
1
6
89
79
-87
43
-29
34
91
2
48
98
-32
-94
-69
-39
29
-23
-14
-90
-76
-12
-29
-85
-37
-52
31
78
7
-73
20
-52
-83
32
-15
58
80
79
92
56
-10
71
89
-38
43
20
93
88
42
26
-7
85
-88
-24
40
-87
-98
79
-43
59
81
-37
77
-3
-31
-5
-22
63
39
-77
37
62
-54
49
-48
-3
24
39
51
-80
42
-74
44
-59
69
-51
-2
-92
11
33
-42
42
-21
4
75
-68
66
-98
-8
-52
-43
8
-55
86
-13
8
28
-26
43
28
86
-30
-87
-12
79
-86
55
66
8
50
-9
-84
69
-93
-67
82
-5
75
-43
17
61
63
-56
-84
-97
-65
4
36
14
35
18
72
23
-19
95
24
72
97
36
21
36
-24
69
-42
-50
38
-49
-83
89
-87
85
-88
52
-34
-30
42
-92
67
26
44
67
-1
66
81
34
98
7
62
-27
-26
84
-64
80
12
-45
-62
19
76
14
11
-100
12
85
-87
29
-15
-97
-42
-50
96
-45
73
39
-69
63
81
-39
86
30
61
96
15
31
-33
-14
-59
29
-62
65
53
84
-13
76
-56
51
-16
-3
-95
23
37
-38
-53
22
33
-24
-30
-8
-60
-100
77
-59
82
51
-96
72
-4
97
69
38
-98
-50
-18
-34
-16
-97
-3
-2
58
-64
-22
-91
-88
-45
-87
2
-8
69
10
83
-62
43
80
33
-22
47
31
9
-57
76
-44
-35
-53
32
23
20
-13
-60
80
28
-83
97
72
-83
9
-70
-43
-67
84
29
49
-43
37
-47
25
-30
38
29
-98
94
17
19
14
-44
78
-83
72
72
93
-76
-90
-91
14
-75
-75
54
-95
68
-61
-5
59
46
-21
95
-80
-39
99
-57
82
-84
11
27
82
34
34
6
-84
65
11
-61
51
51
-79
18
27
76
9
-63
-22
-28
-99
-96
-76
-36
-79
30
47
45
56
-31
-55
94
-17
33
84
23
7
18
-4
-92
-60
0
50
60
69
6
-66
-12
42
-21
-59
25
42
28
20
-14
-39
35
42
-61
-82
79
89
-14
-15
24
62
54
40
-64
47
-4
-74
7
86
-78
-14
84
-80
-88
-56
87
-46
1
-79
-6
98
22
-30
-8
64
38
-21
41
-25
15
-53
-1
-3
-17
83
-60
66
-63
35
93
-91
-57
88
2
51
-41
70
82
27
-66
-64
77
63
28
-78
70
-19
-32
-53
39
8
63
-46
93
-46
-2
78
-63
-70
-32
-99
95
-81
3
-82
-32
-24
-38
60
52
-72
-81
51
91
98
-45
-72
-39
57
-54
37
