20
1881
-77
40
-94
-44
47
37
-11
7
11
-94
-53
85
-70
-46
-47
-89
-47
-78
-53
38
50
92
0
22
-5
-28
80
87
-23
-21
42
2
-68
3
-51
-67
23
-24
-63
-29
-26
-8
-42
11
34
99
-7
59
-44
-62
-24
76
-33
21
77
78
59
-69
-36
-78
-14
63
-35
92
-40
75
91
3
15
-93
-50
-31
40
-46
94
-75
33
-52
-47
-69
-58
29
12
72
94
60
79
22
17
-44
57
46
-27
-35
63
-71
51
-5
-14
-13
-13
17
-23
52
15
0
72
21
70
-40
99
4
9
-53
-66
36
-19
53
-77
-79
-7
-57
52
89
35
79
95
-66
-60
67
-72
69
49
-1
31
69
87
-24
17
-43
-44
-51
-30
49
-73
-72
-21
75
32
6
-34
-28
80
3
74
-35
-100
-25
49
63
-67
93
-74
-96
30
-45
92
-17
57
-52
40
55
-84
34
-19
-14
43
-59
68
45
21
-68
63
-6
-69
-78
-1
-69
3
10
1
-21
10
68
92
78
-62
-69
-75
87
-45
-50
6
-1
-57
-49
71
-8
-29
92
-73
86
-23
88
79
57
19
-2
22
41
-24
60
81
96
-16
96
31
-63
-3
54
-49
-49
-73
68
57
14
-68
-65
47
90
63
-42
55
58
27
-52
-57
64
-24
-47
-60
-88
4
-54
-52
20
-70
49
-63
43
88
-91
89
-7
-10
-11
25
24
-11
-39
97
88
-5
63
70
-20
62
92
37
-74
42
-5
35
-89
75
85
-71
18
0
8
56
-83
87
-12
-31
-35
82
50
19
-6
40
66
0
-86
7
56
64
-22
94
-82
39
-36
7
-64
-54
-69
18
-20
-92
20
58
21
-35
-86
-3
-50
45
56
-25
38
51
72
29
9
-29
-64
92
20
25
45
-90
43
-98
89
41
-25
-87
-57
-62
-68
-92
18
13
66
58
-78
-64
71
91
-49
54
-75
-1
-51
20
98
-66
35
8
-72
-18
74
83
-77
-2
-15
-33
18
-100
-65
22
71
-19
61
58
-95
-98
-66
86
-41
-68
-53
-76
34
-9
56
-30
75
-28
8
-60
-94
-5
-16
5
83
-94
-37
54
-37
40
37
-42
9
8
-89
67
-16
97
-12
-17
-29
-31
-67
81
-48
-87
85
2
10
-23
51
-71
28
-81
7
73
97
1
6
17
12
-57
36
-1
-76
-40
-47
-79
1
88
40
28
62
14
-49
16
-68
16
75
-78
97
34
29
-84
34
77
-8
53
-57
22
54
41
-36
31
-60
-29
29
61
-84
70
4
11
-10
19
5
4
46
-13
-66
-41
86
-27
-50
87
-43
-22
-79
-52
-7
88
-57
31
17
62
-89
-5
-31
29
-44
-54
-60
92
46
91
-55
-75
-35
46
-99
-51
-71
0
-85
31
2
-24
-38
72
-78
-58
-96
-84
61
31
98
-81
-60
33
-14
16
85
62
-52
87
24
-66
-16
26
-67
-72
37
30
41
-12
70
-61
67
13
-61
-37
32
-68
72
91
-75
88
-97
42
-6
32
51
-17
-62
-73
-73
-28
-58
31
-55
66
-25
71
-82
1
-4
15
-71
-82
38
27
-55
-16
71
-79
-95
-78
-2
6
-31
-15
-18
-55
61
-4
1
-7
73
-83
-38
27
-96
90
-43
65
11
-57
57
-75
70
44
-63
-54
-6
-32
3
65
-53
45
68
-74
73
51
95
28
-77
70
60
96
-76
98
-13
48
20
48
31
12
-87
-33
93
-49
-79
-66
98
74
27
24
-65
-74
91
-30
-9
-14
-94
-7
91
49
-82
32
-96
-40
-80
-42
-43
-31
22
55
5
85
41
-84
-67
-83
-7
-82
-31
-61
-73
39
-42
-73
-87
-66
-29
54
50
29
-26
76
-14
85
-16
34
-46
-17
-89
91
-57
-51
-39
-3
68
-59
-25
97
-94
33
66
-97
-54
76
15
72
82
33
-70
90
48
61
-99
-29
34
4
83
-73
6
63
-46
-13
-15
42
54
-71
-82
-6
31
-69
-22
94
-46
-18
-79
-89
19
-66
-99
52
-88
-72
0
-42
20
37
-89
-18
96
-9
-92
-87
-50
-78
55
-21
-20
40
44
-100
-66
20
88
-83
87
-56
97
22
77
57
49
-77
-100
60
95
-26
-41
57
-26
20
30
-99
53
68
96
-19
-73
94
76
90
42
75
26
63
15
-59
54
36
-30
-12
44
-46
39
-56
-77
-10
96
87
-43
-60
-76
-17
-93
58
-32
-36
-32
-97
-5
-72
-83
78
92
74
-55
-50
40
4
80
-55
52
-51
62
-37
-50
-70
69
26
90
27
9
74
67
88
11
84
-81
23
85
-21
-36
73
-39
16
71
13
-60
47
58
13
72
83
-4
-57
-82
57
15
-97
-18
86
35
-86
-38
31
24
58
76
54
-22
11
-78
-38
-4
46
25
-85
97
-86
15
80
-72
94
-22
96
-73
85
86
-60
87
-99
-9
21
57
-3
-55
78
-58
60
2
-85
-3
-87
83
5
-91
37
52
84
37
-82
78
11
56
63
72
71
-95
68
-92
-56
12
-96
-6
-30
7
67
99
-24
89
-89
43
18
26
35
33
-95
0
-12
-59
61
16
37
71
-12
-99
-9
71
92
-82
-31
-18
31
-94
22
-47
-42
-65
52
-96
-9
62
-44
-21
-31
88
24
-61
-34
10
-26
24
-59
79
-61
14
-51
78
-92
37
-4
61
39
-25
21
87
17
13
-48
-26
-61
12
-77
-49
-34
68
29
-39
81
-98
-92
59
30
-76
-81
-14
20
-27
7
10
-40
72
-86
-17
76
-70
-6
16
14
-98
81
-45
-87
61
2
8
93
87
91
-70
-44
-40
37
-75
-38
47
64
-98
76
-99
21
-58
-9
88
-60
79
52
55
35
-49
36
83
18
-35
70
27
30
-33
33
48
27
-92
-39
83
-36
-61
-93
-56
71
-63
96
38
-96
92
83
84
26
-11
55
14
-13
-26
-92
-99
-12
77
-63
44
33
-62
-5
-56
-42
-84
-12
49
33
24
-12
-72
53
56
-70
82
93
-37
-31
53
22
-92
-43
-15
51
38
-86
-12
12
-4
22
95
-97
-97
-23
-72
67
55
-44
-67
29
83
21
58
11
-35
-80
14
-17
60
58
79
34
-54
53
-31
43
-95
-67
-29
-38
-37
-72
5
92
-62
-61
-28
68
-52
82
77
-97
71
88
60
95
52
76
91
-33
87
16
-92
49
34
95
81
35
91
76
66
-68
-5
65
26
12
2
18
71
-29
27
97
7
-30
59
-37
-74
0
6
19
96
-5
-100
-48
9
93
45
-11
-29
-56
-68
-61
-59
-86
-2
-68
30
-68
-46
79
-4
-84
30
-59
82
-68
-16
-21
3
-27
51
-34
46
-44
0
71
-86
-86
-50
0
65
-65
68
80
48
-50
-6
74
21
32
38
7
-1
40
-55
85
0
-90
-48
-36
-4
-58
-31
-82
4
97
-75
83
17
70
84
56
28
40
17
95
-4
-65
-84
46
76
-8
-44
87
94
96
51
32
-68
13
-93
-11
-100
-71
-24
68
84
2
5
28
-3
-8
33
-83
-72
-24
-9
-40
35
-72
81
-28
-79
-60
38
-54
6
28
-54
-23
-23
62
-84
99
62
-93
-47
99
-28
-94
81
80
50
-64
-19
-11
9
-43
10
-95
19
94
81
-92
-91
56
-37
-79
-5
84
-80
60
89
37
69
-4
-5
-97
-90
-69
-82
-2
39
63
-35
-22
-6
-3
93
-15
6
67
-66
-63
34
-51
-4
-55
-74
14
-57
40
48
-14
-84
-2
-13
-70
92
-52
65
79
-11
-71
-74
36
10
-71
-70
3
-60
71
55
-64
44
36
-49
-4
-4
37
21
-72
-69
-20
-80
-33
2
77
-92
85
-44
3
87
-52
45
31
81
75
36
6
53
-29
-97
-91
71
-2
29
-5
3
-99
-59
62
-79
82
19
-20
-1
42
59
-37
61
-70
23
-38
81
-8
42
-99
12
-34
-4
-97
37
86
71
46
74
28
-90
-60
75
83
38
25
38
47
95
-66
66
-99
72
62
49
-60
-88
-83
-69
53
-63
58
-28
-31
-51
82
-57
4
7
66
41
-40
-7
95
78
-48
-1
42
-18
-59
-10
66
-38
49
-20
92
-28
46
-23
-85
-49
-74
68
86
63
-39
12
-83
-59
-1
40
81
55
91
63
-80
-77
59
45
8
79
48
-84
88
-29
-29
57
70
39
-43
-5
-42
-12
0
-51
-8
-14
-28
24
-45
-5
-41
51
-65
36
-98
81
-32
59
-56
7
1
59
-84
-16
-24
64
-26
69
-7
25
89
-11
13
48
26
-33
66
23
40
-42
28
-88
29
29
-59
-3
28
60
-54
-39
39
-26
-29
-48
-28
34
60
-99
78
-36
-2
0
59
-19
-46
-82
32
-44
-71
64
-66
10
-61
-95
7
16
-77
65
65
-25
-77
-49
-67
63
79
84
73
-38
43
-1
-91
-80
-23
64
79
-1
-79
5
84
94
47
83
51
-85
63
-89
-85
-43
51
6
25
-52
-80
-69
-11
-6
-87
8
28
54
-22
10
62
64
15
9
52
93
-96
-7
-36
-98
2
26
21
97
-20
-16
-55
92
-66
-69
-30
50
-19
88
3
-13
-99
30
32
81
41
67
-69
65
55
96
9
-97
53
5
-38
37
90
9
54
60
87
-36
76
52
65
-91
24
-52
-26
-39
-38
-40
-56
87
36
59
-49
8
-26
23
-29
36
16
14
-6
-60
-62
30
74
14
82
66
33
-18
-82
86
77
-52
-27
-3
19
-92
38
90
-98
82
82
-57
-72
-62
18
-72
15
48
99
99
4
93
91
52
39
-31
-12
73
34
1
64
-24
74
36
95
-58
-20
-44
-72
35
63
90
15
36
-11
-8
-68
-93
69
-51
84
50
49
75
83
85
42
-50
76
19
-63
-95
-17
22
7
-7
-17
-80
-47
-60
48
-18
-44
-93
-4
-25
20
-16
-23
89
15
-44
89
69
-91
-34
92
-70
-84
44
-42
53
68
-76
26
-16
5
-18
-33
-72
22
-18
48
19
