96
3256
-65
-30
-81
14
55
41
-50
60
21
-4
97
-14
-68
-2
39
-84
22
-36
46
-99
76
19
88
4
69
8
87
36
52
-14
-69
82
-85
49
85
-70
42
-67
-99
47
80
-12
45
-75
-64
53
77
67
71
52
65
30
-56
36
7
59
92
-40
-10
-100
20
28
32
65
76
-34
-71
-4
-28
38
-18
-24
60
-84
6
57
98
-82
72
-55
-79
84
86
-80
69
91
50
14
-78
-77
95
-81
-71
-52
-74
-12
-76
-21
-90
-14
-95
32
59
-84
90
10
-34
-29
90
17
-65
-42
37
-29
-54
46
84
0
3
55
5
-65
-34
-67
-96
-41
-78
47
-69
25
20
32
-70
96
11
94
9
30
21
15
-99
-69
92
-42
-18
74
-60
88
-26
-3
84
-48
-78
88
69
-81
-47
-100
97
40
14
-85
92
89
11
-16
-43
14
9
94
7
76
-70
41
-34
-47
35
3
-74
-43
-60
90
-54
-12
75
24
-32
77
-9
-82
4
56
32
-16
58
65
84
36
56
10
69
9
-31
-89
-48
-94
30
99
-7
-96
-76
-16
-25
11
-55
8
-89
12
34
33
87
11
-5
60
15
77
-59
36
50
45
-59
6
38
-43
75
-89
-32
-87
-6
-90
-25
79
36
-64
-48
93
-2
-58
80
74
-26
89
-70
-33
65
22
92
-69
38
-69
-91
-90
-61
-11
95
-9
12
98
60
71
-23
41
-98
-49
-2
-31
-68
-49
58
40
81
-18
-54
24
-25
60
64
96
-94
-19
-68
26
64
2
3
27
-8
-30
75
-19
45
98
10
-47
-14
-65
-8
16
-72
73
-20
-14
7
95
93
94
-99
83
79
0
-75
-30
4
-23
52
82
72
-53
48
-85
-91
14
-100
58
-40
-34
-43
-83
-13
43
59
-67
20
-78
51
95
-39
-36
-35
-43
93
21
43
13
-80
2
-38
-99
49
-58
-5
-42
93
-11
-63
40
51
-41
-97
42
-100
-6
-81
-46
62
-3
-93
-69
74
-51
40
18
28
61
-28
-58
-79
-73
-26
-13
72
-90
1
11
0
2
-52
-75
-65
13
18
59
-10
50
98
-2
35
26
19
4
41
81
-87
-54
50
24
-81
1
5
-78
37
27
-73
-92
-64
25
-15
-23
48
-53
-100
-32
-9
-14
69
-14
-57
-52
-88
-99
72
83
-60
-10
95
-90
-36
-32
82
-59
9
-80
-48
41
-28
-5
-35
-15
18
4
65
-21
44
-51
-57
-68
95
-16
-43
-24
-80
83
72
34
-48
-21
46
-73
-42
-31
2
-65
90
-29
69
31
43
-89
20
33
22
54
85
-51
19
53
24
70
20
84
65
-83
-81
-51
-99
22
-74
-95
36
-26
22
-21
61
-33
13
65
29
-11
-55
84
-64
38
84
25
-48
-53
32
71
28
5
48
0
-88
-12
82
74
45
61
3
56
-66
-16
5
6
-23
75
46
-77
16
60
13
82
57
21
-99
-43
-92
-65
-60
99
99
-44
-97
0
52
47
11
67
40
21
66
-76
61
-60
77
-8
12
-78
62
-2
82
-54
-38
10
76
-89
-14
-92
-99
85
-24
-11
-28
-21
52
-13
-33
-23
-31
-5
77
-49
-17
-17
67
84
21
27
10
9
-31
15
0
22
-85
80
-37
-31
77
76
18
47
-44
22
88
72
59
52
87
48
-94
-36
63
72
-47
9
83
-73
-33
10
20
69
-95
-36
79
63
42
-4
-74
21
-65
-81
71
-46
75
76
-69
-20
10
25
37
-84
47
-19
-66
1
-47
-52
71
75
88
66
11
-85
-52
67
66
-77
49
-10
82
76
-29
86
-91
-64
41
65
3
16
96
-12
12
31
-71
87
16
64
-56
51
26
-77
-44
-42
74
-98
86
83
2
-82
72
37
-9
13
87
-32
-31
-100
-95
-57
2
-51
57
37
-96
-100
10
8
-81
86
25
62
-1
50
-18
-25
65
42
-41
-31
86
-98
-12
-55
97
49
-76
89
84
-29
25
24
2
4
54
-19
43
-96
-94
-10
73
39
-60
-100
45
31
54
-19
-19
31
47
51
-12
94
77
-88
7
-17
35
14
-5
80
-31
58
28
-90
-93
-6
-11
64
-95
-64
96
33
-51
-61
58
16
-89
15
1
-53
74
-16
68
47
-85
-16
60
-92
-88
-77
0
-22
41
72
-30
-28
-23
-14
-28
-78
88
25
-93
-60
70
-76
-4
35
-54
32
30
-23
21
42
55
75
93
-72
36
-86
19
3
97
-20
-97
63
6
34
66
30
99
-12
-37
-8
-3
73
-56
48
-68
-24
-36
-2
-5
12
43
-54
-83
-67
-98
-48
-6
76
-81
-28
72
51
-3
96
-7
-25
-68
-95
-32
-68
-79
-68
-76
75
40
-91
-40
99
33
-80
84
-61
-96
-8
98
-25
-78
44
20
-25
67
12
99
-12
30
58
8
-63
-52
-47
-11
44
-64
61
-97
23
-62
-6
-31
60
-91
-33
68
-27
8
-50
85
-47
2
-66
5
63
-90
-5
-82
-66
-10
-82
-81
-13
-61
87
74
29
10
90
-70
-78
81
58
-26
-19
-94
28
-84
40
-65
62
-36
69
23
91
-32
39
58
-66
-97
9
87
-21
-99
-9
-24
-75
-98
4
-22
6
6
63
-53
-51
-39
9
80
44
-35
-35
84
-87
-47
78
78
48
-69
-5
-54
51
13
36
-97
54
-24
-37
55
-62
-88
-46
-87
-58
-82
-87
-100
45
47
24
56
-65
17
-32
-38
81
-33
-29
-9
6
-63
90
-41
-92
97
-15
-96
70
39
-1
-2
-20
93
-91
77
-7
-10
41
41
41
47
64
17
-14
-41
40
93
89
97
4
-40
4
36
-26
97
95
-84
9
-6
-68
82
74
14
-65
-94
-75
88
72
-45
22
-70
-64
40
69
-15
50
-59
-83
48
74
-4
-28
-56
-46
35
43
10
54
-34
-51
44
44
57
-59
50
-96
-31
-80
-51
-94
-27
-86
0
40
-45
-63
-46
9
24
25
65
-77
22
10
-87
-38
73
70
82
-40
99
17
36
-37
-80
-9
-34
-51
-59
78
-59
70
-61
-61
52
-99
98
-81
86
-73
-78
40
87
52
22
43
-35
23
-96
51
-52
-83
81
0
89
97
23
36
-29
7
-77
50
71
-43
56
58
14
91
52
-42
-1
-79
14
73
-42
59
59
-7
90
-64
98
-88
2
45
85
-2
-89
0
53
-90
36
99
-12
14
41
-95
6
-2
21
-4
-47
37
92
9
66
-20
56
-52
47
-49
93
16
-81
-67
14
77
76
87
-59
7
83
50
-37
41
-76
-46
-3
-89
63
57
83
-37
-79
-24
-88
47
32
9
-15
69
79
-1
6
38
39
99
76
52
92
58
18
-85
73
-56
-42
90
29
78
84
-61
-95
68
22
59
77
-72
-36
93
21
-21
-28
-41
94
-88
14
3
-7
-50
25
-23
-71
-25
94
24
2
8
98
11
37
40
13
-16
-42
74
-62
-65
66
59
-89
62
49
-13
-56
-75
-85
-42
59
69
47
12
81
-57
-76
78
-9
-23
-76
-39
-20
71
-4
-23
-89
61
89
-69
-90
-6
-66
96
77
58
-32
-65
-96
18
64
38
-63
49
82
-35
-72
58
4
-8
24
-69
40
7
-24
-84
43
93
18
-17
80
-42
-72
-51
-98
-25
-22
-45
2
-32
-40
-97
66
-33
24
72
-52
79
81
64
24
4
-27
-71
52
-18
-75
-87
98
-35
-56
-78
-27
-64
-54
-8
-36
74
40
-19
35
-10
55
50
55
92
-38
-80
-37
16
6
-21
-28
55
-27
22
12
58
30
-77
-43
-66
-30
-91
-22
52
83
-17
-51
85
-68
-55
21
9
-94
-69
83
21
45
-55
-28
-83
36
-55
-69
8
29
-6
50
-49
19
64
11
40
-15
-24
-76
77
-54
-26
25
93
13
41
52
44
-26
47
-63
0
-93
65
-51
-73
-35
-63
-31
-14
49
96
1
79
86
-22
-3
-30
75
-100
53
-16
6
86
93
-28
72
29
52
37
-88
4
-24
-27
-64
98
39
-54
41
9
26
27
-94
-46
38
-1
-54
55
-11
-97
-100
-43
39
-21
-21
72
50
-10
90
-55
-16
53
53
-18
6
86
6
88
83
45
-29
-50
-8
-89
9
-54
53
85
78
3
-74
26
-55
19
-100
55
-92
25
17
6
30
-8
35
-66
11
-59
99
50
98
-76
-29
-90
81
-22
-45
-89
-50
39
49
85
-57
91
-78
6
-37
73
98
5
-78
0
-15
-43
71
-50
-78
-82
9
58
-37
-31
-45
25
49
18
81
9
20
98
-1
12
47
-4
-48
-30
60
-69
-3
24
97
77
-77
84
35
-27
12
-46
36
-55
-48
65
87
-69
-76
-93
12
-62
-84
46
58
51
-98
76
50
75
3
-30
-37
-92
45
8
92
-75
13
-70
-33
40
-38
56
9
-98
-79
-63
56
39
57
-87
-1
-29
97
60
32
46
33
31
60
41
-7
83
-21
78
-10
-95
-88
11
18
-2
-95
-37
99
22
55
19
-84
48
-60
-18
-65
86
10
1
-21
-2
77
89
98
18
-54
-57
-60
-100
-17
99
-5
24
35
98
47
18
-67
52
38
67
90
-85
-86
-56
4
49
0
-79
13
85
-49
40
86
13
-16
-87
-32
15
51
20
21
11
-74
-56
-56
-34
76
47
-34
70
-49
-28
37
-77
-70
75
41
33
32
42
87
46
78
32
36
22
-86
-69
99
5
55
-84
71
25
-77
-6
-13
-5
-49
93
-90
32
93
92
32
17
71
-74
73
-22
-12
-95
19
78
4
-93
57
33
19
74
-81
-25
35
22
-41
-42
-24
-14
-14
-59
-25
-6
-26
-86
13
71
-35
37
89
-7
-81
-80
19
83
-1
53
-30
31
-71
-25
83
38
91
44
4
67
-50
8
-71
26
76
91
6
32
-48
11
-5
65
2
51
-40
97
-2
6
15
59
-45
71
72
61
-64
8
-35
-35
-48
-95
-33
-19
-96
-97
78
91
-22
-93
-88
-32
59
-36
-81
-56
-70
17
-43
36
76
-74
83
22
57
-96
22
19
73
23
90
-94
-73
-7
39
90
-25
-97
65
-73
40
-59
12
-22
-88
-2
69
-95
-84
12
24
22
-46
-69
-85
-51
-26
77
-59
-55
-25
-10
-30
55
-30
-30
-96
-3
26
-35
58
91
-80
20
71
-79
2
37
-7
55
-81
44
-10
23
-1
-7
-81
34
89
61
95
87
-18
25
49
97
84
69
-23
-100
-8
50
21
66
35
-86
-63
2
99
-61
-10
-84
42
62
-59
-71
43
34
-84
93
-10
15
29
64
-49
-97
5
-38
61
-17
75
-93
-84
-49
-25
-94
-78
-23
-15
39
38
21
38
-51
58
-45
-56
-10
75
-74
97
55
-55
2
97
-9
89
73
-81
-49
38
82
-94
-85
-88
-29
-76
-22
42
-36
-73
-1
59
19
-64
-100
-23
-37
67
0
27
81
-65
-86
-15
77
50
-88
-39
-50
-62
26
74
8
64
-55
99
-51
89
-73
-21
-26
79
-61
77
15
-9
-12
-1
-27
-14
50
67
91
-46
-45
51
24
88
-91
82
-68
-12
96
71
-11
-85
-8
9
37
-74
48
86
-28
-40
-7
7
-37
18
16
76
-68
-100
-25
57
97
-64
-91
18
-75
14
-42
-26
3
-17
41
92
-56
-39
-78
53
35
-56
96
53
-52
-36
-83
-6
-46
89
-92
-71
-1
44
37
-77
-20
-11
-3
16
-99
-41
-22
2
23
-65
60
96
69
-7
-2
42
79
-74
-23
-65
-64
-2
3
85
-19
-67
-87
99
16
26
-51
-31
-5
46
7
-89
-61
65
57
-46
-93
-54
93
-95
-49
-80
-7
-92
-37
75
94
4
71
40
36
45
2
-19
-66
60
85
-34
41
-83
-92
-70
86
72
-58
99
-9
86
48
17
20
-57
-44
-97
84
-7
-35
-28
73
-22
-31
83
34
11
-100
-81
74
-72
-59
4
85
46
41
48
75
-8
-87
-83
-85
-61
-7
-88
-86
-1
-79
31
19
60
78
-17
85
44
-33
-53
-75
17
-1
51
-35
77
-76
-73
-3
-76
26
-90
-53
48
67
51
23
35
6
-20
-62
-14
-100
84
-14
-12
-71
-39
-74
-56
19
-26
-68
-66
-62
-76
-33
23
-67
-11
-11
-89
90
50
77
80
-7
-5
6
10
20
-58
2
-94
-95
-6
30
-59
-63
-25
-61
10
-32
-64
81
44
-34
43
66
88
40
7
-15
31
7
-19
55
-7
5
27
-91
-50
49
-7
-65
-61
-89
-14
-91
-6
-82
83
18
-79
69
42
-77
76
-73
-19
97
-14
-87
-85
-18
-83
14
-82
-41
44
-94
94
-40
-68
-64
56
-61
36
-53
85
12
18
-68
12
-78
-59
-42
-18
-84
-53
-89
-68
-90
89
1
64
81
-62
81
63
-55
-22
39
90
49
81
-56
60
-57
41
71
76
10
-92
-13
-58
87
29
9
-4
-62
46
23
18
56
86
-12
-77
47
24
15
18
78
-34
-95
24
23
81
-85
68
42
19
-98
-6
12
34
84
-33
-8
22
-32
-74
62
20
30
-33
96
-26
-14
-79
-94
-93
17
18
8
30
-63
31
8
19
-73
96
-76
-84
31
84
90
96
6
-86
-51
-82
14
-31
-33
-25
76
94
-81
-96
84
71
15
88
33
18
74
41
-25
-12
34
42
-3
85
62
86
-12
-81
63
38
-42
-18
68
83
-13
57
33
33
-97
-28
-58
-39
-18
-43
94
48
-60
61
30
-91
-87
87
6
32
39
94
40
-41
30
-52
-38
77
79
67
21
23
-33
-66
-34
27
-11
-31
-97
-44
-84
42
17
-46
55
-65
33
63
79
-97
-25
-17
-61
49
-81
-33
-26
-62
-68
62
20
92
-31
68
7
-30
37
24
76
32
-6
-80
-63
73
64
-39
72
99
91
13
-24
76
95
-65
-56
-60
-55
60
20
99
56
-78
69
40
-76
-32
-24
21
25
-22
63
86
-22
-57
82
-29
47
-70
-96
-89
11
36
76
-74
19
-55
66
-94
77
-100
-79
-44
-24
-75
-56
51
-17
-87
-68
56
73
-31
68
-75
68
-3
31
-61
-25
83
-18
-69
-47
-20
89
-89
9
-41
-14
-11
17
-55
-19
1
-37
74
42
-72
84
-59
-20
0
70
98
-30
-60
42
-55
-83
23
-51
-47
99
76
-74
71
-50
-3
-12
74
60
99
-32
-13
23
-54
-85
-3
-24
84
-73
-51
24
73
-58
47
36
94
-96
-22
-53
20
-68
5
-66
93
-68
53
-90
-22
71
-48
50
-19
26
68
60
60
66
58
-4
-80
-94
14
-18
78
89
-57
43
-67
-100
88
-57
-29
32
72
-80
-19
-25
14
17
-27
70
-1
58
-39
-49
99
38
-91
-88
18
7
16
72
30
20
-72
57
24
39
83
32
-37
-27
64
-28
25
35
68
-36
-85
73
44
96
69
-87
-5
-80
-78
-44
43
10
-59
78
-91
-87
24
30
79
-46
41
-63
-20
8
-25
59
76
-91
51
59
14
54
-52
7
-77
-4
74
27
88
21
-21
-45
93
55
57
-60
-42
54
-84
-57
-94
-89
-22
99
-50
85
-64
87
30
-97
-64
66
-49
-92
53
23
55
-55
-12
35
-3
44
-7
96
76
-77
-76
-25
-27
50
-43
62
96
11
-59
53
-81
-6
-18
39
80
-24
-14
52
92
13
41
-62
-99
-62
47
-89
-93
99
91
-13
35
46
-32
-9
49
-24
-85
38
37
-44
92
36
69
-27
-76
-54
67
74
-87
-91
46
54
-95
36
6
-47
40
1
31
20
50
-34
-87
91
-79
-23
34
11
43
-10
19
85
-96
98
-21
6
-41
46
56
62
28
-60
-58
-82
96
-84
-100
-91
27
-28
40
71
9
-59
-57
85
42
-88
47
53
-9
33
91
-17
17
-74
91
-11
42
95
-52
-92
-52
27
78
38
59
20
5
70
76
17
-92
84
81
-57
86
-3
-28
-68
99
22
-51
-26
31
-52
32
48
-17
34
38
-11
-31
-68
-84
-62
10
25
-21
-7
61
-37
-3
45
-22
-79
-71
21
19
-86
27
-6
25
-73
-16
50
-43
-46
-85
-1
20
-33
-47
28
-18
87
67
0
-39
86
-47
-66
-89
77
-98
-34
28
95
25
-8
61
8
-49
84
22
-41
-69
-19
28
-100
5
67
-64
54
28
73
-97
-43
3
86
-12
-27
17
-43
-63
-39
1
-67
50
-99
80
24
35
48
-21
-41
-65
55
90
21
-93
-89
-93
-100
13
94
86
86
-83
-48
55
37
19
-44
-75
-30
-41
-59
-23
-68
44
-29
-54
39
45
33
82
89
-75
-9
-35
45
31
18
23
83
-3
-12
50
29
-91
5
-95
36
14
-39
-86
0
-99
-30
-70
-85
27
-60
-100
5
84
44
-37
-90
-63
71
93
15
40
39
16
82
29
32
54
47
61
14
-68
6
91
-40
-58
-64
95
-59
88
-97
72
29
-13
-88
-44
16
16
-52
-28
11
69
-23
1
-89
83
-3
20
30
2
70
16
-76
-14
81
-72
-88
91
-57
48
58
-16
-34
-80
-64
-66
51
73
-57
91
-92
-78
-46
-22
67
-2
-94
-100
-47
5
18
15
63
35
-21
-57
-24
-53
-81
0
51
23
21
-54
-54
41
99
19
40
38
-32
-47
46
-53
39
37
