87
1365
-35
49
-76
-35
-64
-89
6
-88
1
8
-17
-100
-43
69
86
-29
5
-98
9
-37
-47
10
72
51
-84
-36
-47
16
13
6
36
-52
-67
-61
43
61
13
-99
-34
-45
65
-52
48
70
-15
-10
96
49
97
-20
-27
-69
95
-77
-69
-9
89
85
10
37
-40
84
0
-75
1
97
-28
60
89
58
-54
41
88
-37
-1
54
-28
80
57
10
35
55
-60
-23
32
64
51
-48
-55
93
69
-52
12
-73
12
60
-48
-91
7
-67
23
87
48
-66
91
85
-7
-28
8
94
-92
94
-71
-21
-56
16
-27
30
-45
-62
-69
-52
91
93
-25
28
-15
97
89
-14
-9
-89
-85
53
11
70
36
38
-85
-83
-66
73
85
-10
-85
-80
-34
-100
75
-34
-89
-32
-59
11
-65
-44
-90
99
14
-42
-55
-33
64
-21
69
72
82
9
59
-20
8
-42
5
-6
-36
73
98
36
87
76
-35
25
-79
-29
6
96
80
-70
-68
-35
17
-78
-30
5
67
94
-28
20
-67
43
24
81
49
-88
74
33
-90
80
-64
-95
-36
-99
1
21
79
5
75
0
87
-73
10
6
66
20
-64
64
-32
-60
-59
52
3
3
-4
56
42
-52
-92
-96
98
0
-43
96
99
-60
91
-74
-68
-16
-35
-100
50
73
-7
48
-71
79
53
78
-83
35
-47
-24
40
91
-17
95
-50
-44
78
-79
-91
71
36
-12
-81
34
-44
22
43
56
75
-86
45
79
-32
-27
64
-89
31
-62
-9
93
79
-42
-31
11
-12
53
-95
-17
-29
-42
-16
67
-53
-36
-99
92
35
-74
53
-45
-82
-18
35
-4
94
88
53
-67
39
13
44
-29
72
-35
-42
70
-71
-14
-41
19
-2
21
99
80
-60
-4
-27
-55
-33
30
47
-21
-97
-16
-56
99
-71
-75
17
2
38
64
-72
-39
-37
22
38
-13
-4
29
-51
90
-50
-13
-56
58
37
-2
-10
6
53
-72
-35
-42
-89
15
44
55
3
90
-64
46
7
99
94
74
51
87
-80
-60
94
31
95
-25
-15
-6
93
-19
41
81
-28
-19
-30
1
-61
14
-21
-26
55
-5
60
53
-4
-45
-93
60
95
10
69
92
-92
-71
-73
-63
-53
-57
99
-66
12
66
-56
-32
-88
-68
70
-49
59
-7
31
15
-72
90
-52
-5
-77
68
32
77
-13
-84
-39
-48
-96
-83
-13
83
-31
42
20
-20
-65
15
-37
64
-46
60
-82
-79
88
-60
52
-52
-88
-20
-9
5
-66
-88
12
-30
-59
-17
-93
-52
-33
47
-18
-58
-88
66
-82
72
11
-49
57
12
15
19
-78
46
-14
33
31
-69
-13
82
-22
-30
-34
54
-29
21
-78
97
26
25
-24
-40
82
89
45
88
-1
30
-68
16
-40
78
43
-43
52
-83
32
-13
68
-86
-74
-3
74
48
92
2
-72
-1
62
9
40
-79
-39
-81
71
97
-38
9
-84
38
14
-70
-79
4
64
37
-100
-76
-37
-75
40
-45
14
-98
83
-42
-74
56
81
31
87
-37
85
-3
37
-29
-13
-30
-95
49
91
26
-87
82
-14
-35
53
77
-51
-61
56
-13
40
-27
91
84
-45
-70
86
-70
-49
79
3
15
60
-11
17
77
96
96
-21
94
-86
69
-82
71
-2
54
42
-33
-47
99
-58
62
-3
-15
-38
-57
55
-71
59
46
-34
-81
91
-1
-63
86
-38
73
-88
35
39
71
-1
-56
26
54
24
-31
-3
24
-36
-45
0
-65
-71
31
44
98
86
-98
-78
82
22
-41
-38
60
57
61
-87
18
-2
-42
8
7
-21
-53
-52
-30
-86
2
20
-63
82
97
-87
28
96
75
-15
-55
61
17
91
23
59
7
38
-24
-21
48
28
-6
-58
76
-41
-34
-23
9
17
-24
62
63
-85
-71
42
-36
2
64
32
65
-51
-25
-36
-61
13
-31
-75
-77
-10
-96
-29
60
69
-95
-100
-17
-13
4
38
90
16
-7
-33
53
26
-99
-46
-50
26
76
-58
49
-47
-63
99
-66
67
74
-4
-58
-85
-68
-72
99
94
-15
-58
-10
-100
-16
-56
-89
10
-52
65
-26
-86
-5
-86
17
80
1
58
-1
56
99
71
61
-99
-80
10
-84
-99
24
-88
58
-38
-7
-22
-21
25
76
-15
87
2
94
-60
53
-38
89
-88
39
40
-25
70
20
12
31
40
90
-80
60
-99
89
-85
-29
21
3
17
46
68
92
52
-62
-98
-39
85
82
19
72
-57
-26
20
-53
-39
-62
90
-24
66
21
83
-70
57
-71
99
88
-55
40
-34
36
-68
28
-11
28
39
45
-51
63
31
-47
4
32
2
-7
26
5
-74
-2
-70
-18
47
-96
-28
26
10
65
71
25
75
98
-15
22
3
-30
17
-41
-91
79
36
-57
-75
-29
37
53
15
-13
67
48
-58
21
12
-24
-58
-75
-88
-99
2
50
48
12
2
-25
78
-21
-56
91
-43
33
-5
74
12
18
13
-81
-46
-89
-45
94
-78
46
-64
48
-42
-23
39
46
35
-31
-16
-39
-88
-77
-81
96
-68
-69
6
-6
-28
-4
-25
60
36
-33
-55
-24
66
67
-69
93
-97
-52
28
60
18
-51
39
-68
-15
-73
54
-8
-96
2
97
-11
-50
64
-74
-66
7
-80
-1
-58
23
-45
-37
-5
-66
26
-60
49
32
-8
-82
64
-54
14
0
-28
-92
47
-18
46
65
34
-94
-85
-70
5
-67
-60
36
49
14
-61
32
0
91
66
6
4
-38
-40
6
0
-91
-2
-6
7
44
41
72
8
1
-27
6
-49
-44
-2
-32
2
-16
-44
54
70
51
53
-98
-72
-73
82
63
-28
87
-3
64
86
-71
75
-94
52
91
38
-29
-87
44
66
59
97
-32
-10
-55
71
-60
98
-62
23
-18
-90
31
59
-39
-97
75
-55
-25
-92
88
19
87
6
-4
93
1
-65
-60
37
-18
50
-90
64
-90
-72
-35
-46
-95
92
-62
-55
67
57
4
-89
14
-23
18
90
-96
-88
25
-72
63
-31
74
68
-8
-75
-60
92
63
-45
-55
-16
74
1
-81
-74
-86
-63
32
-91
-29
-29
-43
17
57
11
-98
52
16
-97
76
52
95
-56
-8
91
-41
25
29
-3
17
61
10
-88
-9
4
-72
-37
-66
42
16
4
-23
16
40
-52
-54
34
82
-20
82
65
9
72
65
-81
23
-6
25
-67
92
-82
71
11
-28
-3
64
62
-73
-64
-19
-44
-97
49
-92
-89
65
18
90
-31
52
89
99
96
-18
-57
-25
36
72
-1
-51
-24
-6
-89
77
0
-81
-83
76
-63
-74
13
-80
-3
-22
53
-37
32
73
76
50
-98
-79
43
49
-67
64
44
-16
17
45
-93
28
74
84
-37
32
-39
-28
86
-48
46
17
-26
-18
-37
-51
70
-5
54
-20
-73
76
-96
38
-17
18
-36
-20
-78
80
71
3
-51
40
-97
-34
-70
-17
-59
42
42
-49
-77
0
5
73
-80
8
10
1
-55
-4
77
-58
-100
6
-45
-2
-8
27
-65
68
65
3
47
-21
18
-29
82
42
-59
-37
-47
-65
49
68
-36
-82
56
92
-33
30
-14
58
-48
87
-99
-86
-12
13
-33
-42
15
