-71
954
57
38
39
-29
-47
-54
-5
-99
10
-61
93
60
22
-70
-43
2
-56
-99
78
44
-82
-27
-98
78
-12
-78
50
34
61
91
72
5
-5
10
87
-17
27
32
-19
-58
-63
75
-81
-37
7
36
-93
88
-68
93
-60
-48
2
-90
-52
96
59
17
0
-26
-8
35
-19
71
81
87
-35
80
-60
-42
72
74
92
68
38
92
35
-17
-25
-71
-52
-54
32
16
77
91
-69
-12
20
70
34
81
-57
-93
89
-1
-10
-34
85
-30
74
-18
11
80
92
-9
-93
92
20
-12
79
-61
-14
-32
-48
36
83
44
-82
49
-49
-34
-40
82
23
53
-41
-86
-97
50
-9
33
-51
-67
32
-27
39
66
-60
-7
-64
48
-66
-17
-37
70
-19
75
46
10
49
-46
64
-2
17
-94
-73
63
-84
22
3
-89
85
45
-82
9
-52
-1
91
-24
-57
-57
-69
-62
38
-94
25
-92
-49
75
-51
45
85
-6
-30
-77
-59
48
51
25
88
45
-49
-68
82
45
-28
-87
31
-36
-86
3
-5
-93
-26
0
77
97
-5
-60
-2
19
61
61
-38
93
-47
91
19
75
-51
-42
83
50
55
15
37
-60
10
39
-4
19
29
84
4
-98
60
-97
7
0
94
-10
85
-90
44
89
91
-82
91
26
-36
-87
91
27
92
19
-13
-37
51
-92
-93
-63
77
-94
1
-48
-42
32
-48
76
75
83
-31
42
-21
-3
-2
-77
30
16
67
93
-19
-55
74
73
9
5
67
66
69
-37
-51
11
-19
-15
-34
46
-54
-86
48
-14
78
-94
-31
52
86
-98
-1
-1
13
33
27
-93
75
36
-87
-90
-70
56
30
-37
-47
-78
-2
-51
47
74
-30
-82
32
50
-20
83
-38
-18
-3
-19
-51
-98
-37
66
3
-63
0
-53
-14
-12
-55
-85
-48
-88
43
70
29
81
32
68
8
32
5
71
-75
-75
51
49
-23
-97
62
16
-84
-47
-25
28
99
-40
-100
-57
-3
-1
-80
52
-8
36
25
-92
-67
11
-24
23
78
72
-91
-96
50
91
-6
-91
57
-31
30
-9
-73
-66
-20
17
-4
-50
58
-83
-19
-58
-63
84
-87
-71
64
-22
-85
-21
67
16
-86
-42
-13
-29
40
-100
-22
33
63
95
22
91
84
-5
-31
-19
-45
-11
-34
61
9
-79
-27
-85
-28
17
-17
-63
-4
-68
-71
-77
39
89
31
64
-80
12
30
61
32
4
-63
23
21
-13
-76
-27
22
-44
-61
13
-39
-100
-22
-59
-23
-57
65
-96
19
96
55
-16
41
55
82
-63
-94
44
95
-65
-73
-15
-31
-9
60
59
-79
27
-8
-53
-44
29
-23
-65
-33
1
91
23
-5
86
69
64
-60
64
-12
-80
32
-70
-57
38
-22
-93
-56
-7
77
-93
53
-4
-68
72
93
81
-26
33
27
-79
-65
-74
16
-68
3
21
-85
-10
-17
46
-4
73
47
45
1
72
37
-53
32
16
41
26
-83
-47
18
-86
-79
25
5
29
-62
56
-70
50
-11
3
66
83
-44
-16
75
-81
31
-52
-18
21
-7
59
62
13
-12
43
-59
19
-54
-96
-5
-69
-93
-34
-85
-23
-23
-13
-53
84
67
-9
79
60
-23
-19
-69
-34
46
-34
-89
-1
85
62
-86
90
-97
64
-83
-13
52
24
91
-89
39
-25
-38
19
42
90
40
-51
-97
13
41
-5
32
80
-6
-88
-41
-92
-89
55
-3
75
94
63
91
-69
-44
-43
-62
-6
67
66
-50
-35
-85
63
59
45
-28
60
79
-60
-26
-99
17
19
5
14
14
-30
-60
26
47
49
73
-46
62
-41
-8
-84
-65
69
-40
-46
22
86
-14
-91
-28
-7
56
-58
62
-52
-50
29
21
-67
32
-74
60
-42
2
-68
41
-68
-97
-73
79
-60
-3
-89
-9
-85
55
48
95
53
-21
-86
3
19
-19
95
-99
98
57
-77
2
65
-14
99
-66
-85
18
-78
57
-25
86
-38
84
34
92
-20
-78
29
-79
10
-87
89
-72
83
-85
-88
-45
-82
-19
86
13
10
-58
49
-82
14
15
-27
-48
-38
-18
46
-23
-29
90
44
-34
87
-37
-69
-15
-7
85
-85
16
-57
52
85
14
62
-31
69
-18
90
-17
60
-9
-28
-22
-31
33
68
68
30
7
46
-36
88
94
84
-58
-24
96
-57
-76
-76
68
69
98
8
62
-49
-51
55
10
-17
36
78
-100
20
-46
-56
-6
90
89
6
-44
-38
-71
-92
67
17
-43
-58
79
54
30
22
33
-60
5
-18
22
-42
-99
28
54
-57
-2
-57
-17
-76
-99
-71
-18
-16
-48
-100
43
-38
36
-76
-85
-92
26
-83
-83
71
-13
-78
-5
33
-67
20
-30
95
2
20
-66
10
60
-93
-14
-85
22
-72
-91
-54
-35
-53
-54
69
-11
-68
-82
-49
-13
-80
63
-74
-100
-54
16
41
-54
-48
10
-27
4
4
33
32
56
-30
56
96
31
-35
-91
12
-64
-47
-16
-58
45
17
50
67
-86
51
-79
-1
-13
20
-14
97
9
