388
2603
39
40
-96
-3
-32
-81
-4
-18
8
-19
-92
2
52
61
-51
7
-71
78
-98
-28
89
3
23
-8
24
24
43
25
0
-81
-57
52
95
-75
-63
79
14
-25
-52
52
-63
-51
-56
3
-54
-10
-22
61
18
73
35
-4
89
79
10
94
7
68
96
64
-24
-21
-22
32
73
-61
-18
87
-27
-24
62
-66
26
3
-50
-7
5
-67
30
-82
53
96
-63
-71
37
97
27
-58
-55
-34
71
-64
40
35
66
-95
-42
48
-41
22
90
17
-70
37
93
61
-92
-54
67
10
33
1
5
3
48
76
61
-61
-6
94
-2
-98
-52
-34
-36
-81
-84
-71
-60
2
8
-22
55
81
73
40
43
-48
55
71
-82
-33
49
-57
98
-68
-15
-48
51
-54
70
10
-40
-19
10
-11
-65
-6
-90
86
-65
56
-87
13
52
65
-15
-33
74
-32
76
-56
18
-9
-4
54
24
-20
-56
-70
7
-32
78
-89
73
66
-36
-70
18
19
-55
-94
47
-64
25
-49
2
-26
24
13
2
-49
90
-25
-28
-56
12
2
-36
93
65
51
-22
-34
-35
-52
96
-54
22
-52
39
67
-100
33
41
89
87
-36
-41
-1
-55
-100
-17
-27
87
-77
-72
66
-40
20
39
95
58
-8
-59
-3
4
11
36
-88
89
-42
90
-33
84
71
-99
-34
-7
61
-43
-66
3
13
-43
56
-12
-56
-28
14
-79
9
-44
59
65
16
68
-100
-16
-15
53
-77
10
-51
-77
-98
80
-23
68
83
-6
-17
-12
-40
85
-67
-50
-91
-3
-4
-76
95
96
-7
40
-82
-79
-24
91
-98
-68
89
98
-53
68
86
-43
-72
-87
-97
10
46
82
-20
79
91
99
-7
16
11
-15
19
12
-76
-97
49
0
20
81
-92
-84
-67
-56
3
-83
-75
86
-48
23
-2
45
87
-10
-18
-82
77
-27
-85
-15
-50
59
53
-87
-48
97
71
-85
-28
-65
56
-8
80
14
-83
37
-82
-59
85
-87
-48
31
8
-4
-81
-8
-59
-96
79
64
7
17
-9
30
-16
-46
-83
-90
-100
-14
2
-36
22
-9
85
94
36
-47
-25
-9
-58
9
52
-31
20
-59
-33
64
3
-71
-82
54
92
-30
-69
70
-74
58
41
31
83
33
-59
90
-68
87
32
65
-23
-40
-25
10
-62
96
-8
-54
69
56
0
-16
73
82
88
46
-9
-87
28
11
0
62
-7
-87
-59
-13
42
78
-19
85
97
-42
14
3
46
-55
37
-39
2
24
73
-24
48
-93
94
-22
-70
-9
37
71
78
4
-68
-37
24
21
-14
47
2
23
86
-64
28
-69
24
-57
-68
-62
-60
25
79
-62
-54
97
63
-42
98
-39
26
-15
-100
29
-44
17
61
87
-82
69
20
-69
-59
9
-15
-26
-86
77
-13
8
71
-7
-58
74
-60
94
-45
79
-84
46
-35
-75
-18
55
-10
-81
-87
41
69
82
-32
75
22
75
-32
46
-64
-59
9
32
-78
2
-70
-67
25
83
5
-30
-38
-72
75
38
29
-30
-93
-87
78
23
1
88
-18
53
-98
10
-92
-39
89
-96
33
84
-37
33
-1
75
23
30
80
-10
-12
32
19
-67
51
96
32
19
63
77
77
-89
96
-97
81
-36
92
12
34
46
78
13
20
9
53
-56
-21
58
53
-94
-60
-99
-96
-54
28
-87
-75
74
7
-73
-16
-65
56
-44
-72
-18
-14
2
-96
-65
-63
-75
21
74
40
0
-87
30
5
84
99
20
-65
1
-46
-76
35
-24
-36
-78
-65
21
54
-95
4
60
67
63
96
51
-17
-67
-58
-57
-86
38
66
-20
41
-64
-90
24
71
-95
15
-47
-78
85
12
74
-20
-61
-100
-79
99
-70
-25
72
-83
-68
-22
-22
-41
11
2
-55
6
91
-4
45
-7
-69
48
22
-82
-69
-42
-21
-35
-80
-35
-34
47
80
-63
58
77
8
-97
39
-20
62
-38
-89
93
72
36
6
30
-54
-55
-77
30
75
83
-73
-76
-65
7
45
84
-75
-94
-8
-68
42
-66
42
63
-91
70
-63
-87
45
65
-60
-65
3
-78
-7
-93
-9
-13
50
17
65
91
63
-25
-62
3
34
1
-78
73
31
-65
-22
-95
76
15
6
49
-56
2
1
19
-48
-21
2
50
93
14
70
-76
-69
30
-80
-71
39
-50
-10
73
50
-16
-50
71
-43
51
1
10
39
-92
55
15
99
-95
-21
-4
62
59
-30
-54
80
88
56
-65
98
-91
63
22
-29
-11
-98
46
57
-57
28
33
29
63
12
99
20
-28
-64
-49
77
-5
-10
-77
-73
42
-91
-78
-59
-53
-77
77
15
73
87
-30
-39
70
21
29
-88
-20
-42
52
50
-39
34
-82
19
96
44
-82
-39
-6
7
94
-41
-5
26
-59
87
55
-34
-15
-15
12
-66
69
-53
-75
68
-34
-58
14
63
-16
98
-13
-52
-60
10
-36
25
63
71
-29
-35
51
17
72
-48
66
-76
13
17
-16
21
35
-97
-79
-46
-4
-78
68
-14
-54
97
89
27
69
-2
-6
50
-19
32
-57
-78
-47
-93
63
56
-96
97
6
-43
-89
58
92
73
-10
-81
76
30
-11
-63
-55
-84
-99
-78
96
-7
37
15
-5
-49
45
52
98
93
37
-58
-4
30
-1
-48
13
-63
23
52
-2
-13
-57
55
86
-21
-86
16
77
92
94
-80
-78
40
-27
88
-87
77
27
-79
-24
11
39
63
31
-79
8
52
21
61
-67
28
-93
47
-72
4
-66
-76
-75
-66
-42
68
73
68
2
62
47
7
94
-94
65
4
5
-4
92
-48
87
-4
91
-57
-58
61
16
-95
8
-91
-68
18
-90
-49
60
57
71
-51
68
-82
-92
56
-21
56
20
-37
70
3
30
-22
35
67
-19
41
-62
-82
-100
25
-57
-75
10
40
-57
68
72
34
17
92
15
16
-35
34
-42
-93
16
-27
-30
-9
62
-12
60
48
15
97
-9
70
7
58
-73
-97
-15
55
86
65
25
-68
90
75
-76
95
21
-12
40
-43
62
69
20
-36
-39
-34
-75
-29
3
2
58
48
-72
10
-13
64
35
45
-27
13
59
-64
-1
5
59
98
21
-37
-15
71
-100
25
-27
81
-54
-32
79
66
-24
-75
-44
90
-91
-35
66
12
60
16
4
-79
-26
-17
24
48
-41
-94
51
94
-47
22
72
98
72
1
95
-92
51
70
-45
12
5
-36
-38
-52
70
98
-66
-50
82
-23
-13
67
-69
-16
-11
76
15
-77
-10
-4
81
80
15
74
-37
84
98
-2
-52
-67
-52
-89
69
-43
-98
87
83
-10
-11
36
26
-14
-49
-92
59
-7
-13
37
96
66
-73
-48
46
39
-28
43
-37
25
54
93
48
85
64
15
-60
-55
80
16
81
69
55
47
-87
58
-87
-100
-4
-17
12
58
2
-74
-50
43
-92
-77
46
87
-82
-48
25
-10
18
81
-82
89
49
-61
-75
-66
17
-55
-86
-72
-24
-12
2
-69
14
3
17
21
54
55
96
-57
58
-59
52
78
-90
72
14
-60
79
22
90
-83
-42
-78
37
9
-61
-5
28
58
-22
55
-54
-36
29
-99
14
-21
13
-46
79
-13
45
32
-82
-7
85
83
-95
-56
-16
38
64
87
93
98
67
-89
-62
-5
-41
17
72
43
52
-87
91
-66
26
3
16
60
90
-7
-19
28
43
4
65
-62
-54
-38
-45
-42
20
52
-11
-21
33
35
-17
83
-42
75
-68
36
-81
24
76
82
28
-17
83
23
12
-71
10
39
-89
51
-98
26
-75
20
78
87
-81
4
-71
-61
8
-9
-52
-66
-86
-16
26
92
46
9
-31
21
-54
32
31
48
-23
-75
-83
-79
-46
34
-24
20
91
-66
41
74
-85
-13
85
84
-25
-100
4
10
-90
-80
8
84
-27
20
-19
-64
68
53
64
-52
58
28
18
50
-20
19
35
57
71
-19
32
-51
-31
47
69
64
41
21
-1
25
-21
-87
25
98
-48
-86
-13
-10
39
-74
-70
57
-62
-73
-30
54
36
-62
-66
24
-78
78
4
27
88
-69
-34
-77
-16
-7
4
-63
73
59
-25
22
-51
18
-53
-32
11
-77
-70
-90
-40
68
63
35
-48
89
32
39
-19
-92
62
36
-31
-55
-55
91
-31
-73
-30
93
17
95
-13
82
-83
-90
9
40
28
45
53
-73
8
-48
-35
-88
-37
-49
24
-21
64
-42
-86
42
-83
-35
-35
30
99
26
-94
-24
-58
-8
89
59
22
-17
-68
54
53
17
-32
-77
-13
-31
2
67
-43
35
-3
54
-3
82
39
37
-42
32
-82
17
-71
-76
-88
-14
-61
-93
-32
94
-75
-22
-99
-15
78
44
-11
-2
56
-50
-59
69
-59
-71
-12
90
1
-71
34
-15
-10
-43
-73
51
-83
10
-12
-14
-97
-61
42
-3
-82
-66
15
59
-12
-5
-31
-77
-28
-12
65
98
32
60
20
-17
52
-79
-58
20
62
74
53
72
69
-74
-28
-28
-92
31
-82
-42
80
48
72
-100
86
10
85
-97
-14
92
6
-92
-67
7
5
-52
86
-86
-56
-9
-3
-97
97
-70
-88
5
-45
-1
61
24
58
-76
98
-95
-8
0
64
-58
58
7
46
-33
-64
-21
-42
-68
-48
22
-71
32
-96
-44
-65
-56
24
36
-93
70
81
-1
71
85
59
-53
-73
99
-86
56
-36
-57
74
12
-92
15
27
41
-35
-72
62
-73
-55
66
88
53
45
21
22
38
-99
-41
-52
8
28
-28
-22
-86
-74
-95
85
-71
-3
27
-68
-45
-21
-81
3
-54
-76
34
-89
-100
21
32
88
-97
86
56
-70
75
27
-66
-48
-1
94
58
-59
19
-35
-31
-66
22
-24
81
-51
-77
38
-82
-57
-74
5
40
69
-23
42
-84
-66
66
-83
-96
-96
37
23
20
-25
61
-15
-85
99
8
-23
10
67
-91
60
-52
-17
-94
86
34
-37
-4
9
68
-80
50
-57
6
67
-15
53
71
-45
21
78
-14
-81
-90
76
0
54
69
56
66
-37
-61
22
24
-12
2
89
9
7
-29
53
-44
34
57
63
-50
62
76
88
68
98
84
90
73
53
8
62
23
-63
-20
-33
-78
-11
36
-73
-70
-74
36
20
33
85
-32
-65
54
65
-16
81
-14
-42
4
4
28
67
-45
-12
98
26
-35
-39
-82
-41
89
-8
-17
-74
-8
1
-66
-68
-69
94
7
93
96
-8
97
-10
52
65
73
-51
-53
79
70
-27
-92
1
72
73
-61
-24
49
-75
80
0
42
50
-77
-56
-62
41
-92
-77
92
-64
-50
85
85
-10
-74
-55
6
84
-2
-35
43
13
-45
-37
98
36
-79
-63
50
94
-26
-50
-63
6
5
67
-87
36
57
73
-26
54
96
-51
-24
82
53
-47
-87
-39
97
57
65
-92
-92
30
80
71
-27
-85
-84
-83
-1
33
56
13
-1
80
-57
0
-22
-52
-54
-26
78
47
-66
91
85
-1
23
-82
38
-58
86
-89
-100
60
-64
39
7
-47
-75
44
-4
87
-99
-29
14
36
7
82
-51
0
-9
33
86
-39
-78
-83
70
-86
-36
-41
20
-6
95
-56
5
-96
45
93
54
-55
78
-31
31
-31
83
-77
-41
-38
46
-60
0
24
57
53
-6
41
93
-37
59
83
24
85
92
58
-51
-25
-53
-36
89
33
-78
-85
92
-35
-82
-25
-95
-32
-32
-1
81
-11
-37
-50
11
-11
-30
-96
-83
-42
63
-100
68
-81
11
92
-11
82
89
-39
64
-35
-15
38
-61
73
-27
24
-50
45
91
-39
-21
33
-45
-3
73
19
6
-81
68
16
85
-47
8
-19
-51
41
-68
17
-62
36
-38
-46
88
-72
-43
5
49
77
-60
-10
57
18
-48
-94
26
-1
-18
39
56
-32
-11
78
-89
-64
-46
72
92
-46
56
-56
-6
-17
3
-10
-6
86
-17
-47
-98
77
10
76
-84
-83
98
-54
49
-88
-76
48
-45
-42
59
-80
72
47
-25
19
-8
6
43
-59
8
27
21
95
-26
57
-61
-93
-20
61
-92
-21
-53
18
-43
-33
25
-87
78
91
-28
79
-36
40
-30
-83
27
9
-28
-87
-79
-7
-51
-99
-49
-76
-17
-46
98
60
-71
80
87
-52
85
31
48
-43
-17
40
14
54
20
53
20
59
-59
-27
-12
-23
46
-87
-87
67
-27
69
-86
69
-52
3
-74
-37
58
16
-35
24
-28
-4
80
49
-79
-9
99
96
97
-53
-14
-17
-70
45
-14
-85
-24
53
38
-49
-39
81
-85
-8
-24
-32
-69
3
59
45
32
-40
-76
-16
87
-75
-63
34
27
-94
-58
41
-15
40
89
-2
86
73
0
29
-59
-76
3
-12
-73
27
-30
-85
-90
37
14
61
30
91
-21
-64
59
-29
78
-83
76
-73
35
-16
45
18
-41
39
18
93
-53
82
-73
42
85
75
75
74
-39
50
99
-88
33
5
-71
79
-92
22
-2
44
83
74
-51
77
-3
-45
81
-90
82
48
88
70
34
-66
22
69
24
83
19
-70
-24
90
35
-63
-88
-55
68
60
66
-44
-85
87
28
53
-16
-46
-59
-30
-51
97
16
93
-88
62
-60
5
97
-17
-87
50
-57
31
-95
-43
38
56
98
23
76
75
-1
-76
-15
91
82
59
-52
68
5
25
94
55
36
28
3
82
-1
-62
99
34
-87
61
8
62
-52
-14
12
-6
-33
88
38
-60
-46
42
-13
-100
27
-41
15
-93
76
14
-30
72
24
-29
-22
47
-2
-61
38
93
-20
-54
-29
66
79
-73
73
17
-64
79
87
-25
90
-89
-59
-72
-99
-51
-81
-47
-82
73
50
84
-45
93
72
-26
-40
2
13
72
-8
0
1
-16
40
-56
-37
19
