-11
4773
59
41
-32
85
-85
71
-81
-96
64
-72
83
-2
-69
-22
89
-33
55
-86
84
63
57
-89
-41
-13
-33
-57
-85
-1
2
-33
98
37
-61
3
70
-22
-86
91
-59
85
-96
-4
-85
99
-66
-12
49
-89
62
-66
-66
98
-11
86
35
-31
-61
-51
-1
99
-93
-51
-55
-45
20
-40
-86
-40
25
46
76
-20
-49
13
-23
-16
86
-16
87
83
-81
-79
-1
-54
-71
-38
77
0
-79
65
19
-55
29
53
38
-39
-82
-37
-23
41
-55
80
73
10
-8
-30
69
-8
43
-74
26
-13
59
-34
-5
48
-55
27
18
80
-76
43
60
-20
71
-21
11
-18
-14
85
27
-68
-22
13
-72
-53
-25
93
40
-23
-28
-51
-70
-15
0
-98
-6
35
6
-31
45
46
-56
-42
95
-48
-1
39
73
-73
89
0
37
-76
-42
58
-94
37
-71
-5
97
-30
-66
72
-28
41
-15
45
22
54
-43
-77
65
-16
-83
-92
-30
-72
-8
41
-87
-26
-72
-12
97
-39
81
-68
61
-16
-46
-19
-41
85
-41
7
40
-4
-32
72
63
-99
48
-72
-25
-81
-20
38
65
2
64
35
-79
-74
5
-58
22
23
-79
74
-75
-32
-77
-13
74
2
-8
-46
-1
29
-32
96
19
-32
-71
0
-38
-61
63
6
91
70
-29
-84
38
53
-14
-31
33
95
-48
-44
25
55
-25
49
60
41
97
-61
91
7
-81
-38
-6
33
26
-5
19
-14
-60
14
37
54
81
-96
7
68
-45
-43
36
-87
-11
-3
78
-40
24
-87
38
13
-5
-53
78
-40
-76
-40
96
-53
51
22
-64
-77
-59
42
48
31
-17
25
70
-23
62
45
-52
15
-72
17
-72
-17
-83
-46
-13
33
-13
9
-5
95
-65
30
11
16
-94
0
87
43
20
-33
-68
-19
43
-94
75
-92
-54
98
40
64
38
12
69
-61
82
47
52
-9
77
6
-52
36
14
-15
-47
85
69
80
-14
-10
-62
-1
36
42
-32
-70
39
-58
-86
-28
-47
40
8
96
86
-76
2
84
58
37
-7
-13
45
-83
54
93
-16
73
90
28
-87
1
-66
33
13
-94
-90
48
5
-31
-61
23
19
3
-17
57
-52
73
-2
-81
-64
38
-47
89
-2
55
41
33
9
43
51
68
-75
-2
73
-86
40
-42
79
-72
34
20
-66
-63
69
96
-76
48
-65
-18
20
-68
-23
-26
-84
-7
-73
18
4
-76
-12
-87
27
-81
-36
28
81
-18
18
-49
-10
-47
39
-76
-18
-93
-75
61
96
76
32
20
-18
13
68
-26
-8
-71
8
-79
87
-8
64
-42
65
0
95
-5
48
11
-28
23
38
-59
-37
56
64
-14
-21
-60
87
-3
38
93
-77
-65
-75
54
-26
97
63
-14
70
-24
6
57
87
65
11
95
65
27
-9
-15
27
-81
-19
-67
82
-34
35
4
-62
-25
-39
-93
-87
-46
77
-97
-2
-14
98
-93
57
20
-67
-33
-85
33
12
-50
55
53
-28
5
-92
31
95
-15
58
45
-53
-93
80
-9
-56
54
11
29
-70
-10
-25
-57
71
61
-12
-15
78
-57
80
83
-44
-63
-98
1
-2
25
11
-99
67
71
-80
-14
37
96
-92
26
-75
-16
-12
37
27
81
98
46
58
-99
-87
-30
-62
-15
70
60
41
-39
-66
-59
78
-78
47
1
-67
23
47
-96
66
-98
-16
33
33
73
95
12
-14
-6
26
75
-81
-85
-23
28
72
63
43
-70
12
13
67
44
-6
-80
3
84
-79
2
-98
-94
73
35
-53
-70
16
67
37
98
-10
71
-90
-1
46
-35
36
86
86
-36
41
-10
92
-83
-39
-12
-95
92
46
23
52
24
-96
91
-80
-28
-4
-49
40
42
26
85
7
72
-89
-26
65
68
-26
35
-6
-49
-46
-7
-34
3
10
81
-82
-45
78
56
-96
-53
-46
79
-78
97
-24
-45
-58
85
55
17
95
25
-52
-37
52
-13
-77
-91
-87
77
-44
77
-32
-70
-77
-61
-3
96
80
-91
52
-82
-25
97
20
-49
24
43
-58
7
-27
-33
37
-58
-94
2
-7
-37
-23
39
75
-71
-19
-10
-38
-96
-25
29
49
-1
-95
13
72
-8
10
-15
-99
29
0
18
-62
43
-95
-38
-35
-65
-85
-61
-95
31
95
-81
-97
59
-80
4
99
-50
-48
-75
79
-95
-89
-19
21
-25
97
-64
-50
-75
38
82
-88
-38
-18
-18
83
32
-59
65
26
62
-69
40
95
94
93
-30
-68
-85
-51
39
-69
-24
10
-61
-61
-76
-42
-3
-40
91
62
-14
-17
56
63
-68
89
-100
36
-93
27
-47
-55
79
13
27
7
-45
99
41
-10
-39
-76
-38
96
46
4
-23
-56
54
-68
-8
-6
-82
-89
48
-99
40
67
64
-98
38
64
11
-74
-37
-68
-72
-96
7
-61
70
-53
-32
-84
-34
-85
-99
-59
4
-41
-18
-23
-35
-63
-76
-99
-77
32
-54
17
93
-57
-28
-49
30
83
33
46
65
98
11
-73
87
-21
49
-36
32
19
-83
-14
23
14
-83
-65
59
55
59
19
12
-65
-1
89
60
-45
14
-4
-78
-49
78
80
37
3
-2
-62
-74
7
78
92
-50
-78
-84
30
-72
-2
-59
67
-47
13
-86
-74
-59
-34
67
33
-81
92
59
14
-1
65
-8
-26
-93
-77
61
-48
56
-77
-48
44
64
-59
-42
26
-31
73
-3
-85
23
4
-82
-63
-53
41
86
-65
30
-71
-16
25
44
54
-47
65
-47
85
4
-16
-73
-18
5
18
50
88
66
70
48
39
32
-43
-84
-34
26
-27
-93
-37
-22
-51
-12
12
61
-37
-22
-78
41
-15
-54
-100
9
-82
-1
-8
60
57
6
78
97
-43
79
1
97
-56
-42
33
17
-99
-24
-80
73
-80
-81
-67
73
67
-79
33
-58
-49
-87
63
78
72
-34
71
-41
-62
-8
-32
-93
66
-67
34
39
97
30
-16
29
-23
3
-7
-89
-79
32
27
-80
-37
-58
-57
-3
4
-34
-57
-36
-40
-44
-22
-29
-79
-16
96
-77
85
-98
24
63
-1
44
-58
-23
-91
45
-36
82
72
33
57
-12
67
16
73
-32
-17
11
-40
56
-90
47
7
-68
78
96
46
87
81
-86
-51
-89
-81
66
20
28
-60
-79
-93
15
-90
60
85
65
-81
18
-97
-58
19
-76
11
61
76
74
67
-47
-48
19
-6
-92
-14
14
-98
29
45
-57
61
18
-99
-79
12
-98
-61
-89
-98
-40
4
36
-19
-2
58
49
33
-39
-35
71
67
-26
52
14
-30
-24
93
41
11
-10
31
67
-28
67
-62
-40
-90
95
-47
-38
69
-55
-91
32
-84
56
-2
-13
-41
-44
-77
18
94
81
-95
63
35
-87
-13
40
44
-100
70
93
-35
3
-20
-82
-50
1
-40
81
59
17
-11
-43
-81
-50
50
-49
-59
-98
-26
-67
67
-32
-64
50
3
-39
20
59
12
-61
24
32
-100
36
-21
92
66
58
89
90
-75
-32
44
-47
86
16
47
-94
82
-4
-31
43
72
70
-51
-98
54
-62
-37
91
63
80
0
20
2
72
56
-40
27
92
-43
-34
87
-71
98
35
-59
-65
38
-45
-27
99
23
-67
-58
81
-16
-35
59
63
-30
-73
-40
68
5
-22
-62
-2
-92
13
71
87
66
11
-80
11
-54
-90
-97
-10
6
-69
-77
69
-57
-47
-34
-45
-99
-33
-19
74
-55
95
-38
83
10
74
28
64
-22
-76
59
-74
18
-15
-12
-33
-31
-2
-29
-28
-81
55
-19
64
-73
-54
-61
45
93
-26
9
34
-77
55
-70
58
-92
0
-16
-61
-73
22
-87
16
-19
-47
7
-58
-9
64
-25
47
87
8
0
-38
23
20
-22
56
-10
-13
-55
24
-4
-68
34
-77
8
25
97
18
-61
-54
-29
77
-31
5
-7
29
75
-49
16
-61
74
49
90
-79
-23
3
4
2
-56
70
-52
51
-17
96
40
-5
98
-57
-48
58
-23
-19
71
53
-67
61
7
61
76
-77
99
72
51
63
58
-90
-63
39
-50
-16
59
40
51
34
-81
-9
-71
-81
-39
-25
36
38
19
9
8
37
-42
-84
-57
44
-87
86
-58
-51
36
-62
25
39
-32
9
-44
-70
-82
31
-67
-98
-7
-29
-36
-52
-13
20
69
33
-90
4
71
-13
-45
-90
87
-43
-77
10
43
-88
58
-73
-46
4
-53
-6
70
55
43
90
0
-47
40
76
63
-80
23
30
85
86
-75
74
17
-8
99
-12
-53
87
-65
-84
4
-1
22
16
35
-42
-8
48
-49
-81
-44
49
-23
23
71
11
48
-37
77
-71
68
38
-33
37
15
77
-15
-8
64
-69
13
-83
48
-8
53
-74
2
-14
-38
73
50
-95
33
-68
-54
5
29
58
-63
1
78
88
-16
-25
-69
-6
-69
-1
95
33
-69
-12
44
6
-98
-60
-95
34
-41
11
43
89
35
-76
-24
-76
-14
-53
39
48
52
69
87
96
3
65
14
79
6
37
33
-89
50
-66
-41
-84
-60
58
-23
85
41
-8
-9
80
-78
17
-41
-55
29
-51
75
40
78
16
18
-43
19
64
-57
36
96
-33
59
-39
76
82
35
-82
-46
31
47
-50
-70
84
-18
52
-75
82
-19
10
-66
-28
-93
-14
-71
-42
10
81
-5
1
5
0
-60
29
-32
-10
25
56
-71
43
56
-44
-38
57
44
-9
74
-73
46
-58
53
56
-30
56
16
-7
-87
-42
-48
-48
-28
28
-71
44
95
-45
44
-39
-94
96
7
49
95
17
-9
-39
-95
-5
-35
-97
57
75
-18
34
-80
96
69
-91
-99
98
-48
-22
-2
82
-77
-38
-49
-32
59
-14
34
50
69
34
-17
44
83
90
-13
51
-74
-6
-31
-74
-12
-62
57
20
16
45
-91
-28
-53
3
-93
42
14
81
-91
50
-74
77
-39
63
-8
56
-36
25
-83
61
-80
-51
-98
-79
49
61
-62
70
-15
-88
-53
-12
53
-64
-80
-100
72
68
5
46
-39
-76
44
-21
73
-80
-54
44
81
94
97
4
-50
21
-82
20
-47
42
-64
13
85
82
-52
-88
-53
33
-63
-91
-25
38
-55
10
65
33
85
87
71
89
46
-99
-72
-13
11
48
-66
85
10
-20
-30
32
65
-71
-87
65
34
-93
38
-1
-8
-18
25
-69
15
45
-46
22
85
42
52
61
-91
-87
60
-20
87
69
-15
-40
23
-83
-46
-30
1
-3
-59
7
-55
78
-29
62
-55
59
-87
0
57
52
-75
54
-2
-69
-44
-53
45
-37
-85
-55
31
76
34
-22
-56
-94
-53
69
-57
-7
-23
-29
69
-20
-41
30
38
-68
62
-55
-91
-91
-96
7
60
7
20
-20
-19
90
75
-50
-7
-97
48
8
66
-50
-1
18
-5
72
-71
-16
-14
-57
-5
-12
-70
93
-53
-63
-57
-60
72
-37
98
-68
-12
-37
-90
59
-61
-98
-47
0
-97
-26
48
-43
-77
-14
30
4
-29
-39
40
67
-54
-21
45
-23
1
-75
35
-47
16
-55
-41
13
-47
51
-81
44
-92
-47
32
-90
-49
-9
61
28
-9
-84
15
80
39
-100
48
1
-58
-30
37
-11
83
33
-65
-19
-93
11
-96
-67
-28
-55
14
-38
-73
-8
2
31
-40
-33
15
-12
-54
93
98
-23
49
59
21
-99
36
-38
23
-25
46
-10
-86
13
1
97
-85
-82
-11
-52
-86
95
-72
11
33
-64
-13
-3
-2
99
99
-76
34
84
90
-74
-53
-96
-10
-87
6
42
-71
-54
-16
-82
33
25
42
-92
68
3
-53
-82
27
70
10
-51
-80
43
-70
-93
-14
0
91
79
-38
35
-99
21
99
-67
81
-41
37
71
4
-27
97
64
-74
54
45
37
42
3
29
-22
14
48
-20
37
60
-41
52
-24
77
42
-56
-35
-16
-54
39
38
5
15
-55
-12
32
49
-79
47
-76
-87
33
-18
57
68
-56
75
-29
2
75
63
11
-82
-56
18
56
-19
38
42
-93
-40
64
-20
-31
82
60
-62
4
25
13
54
-23
-71
-38
3
84
-6
19
-54
-81
60
-35
24
-13
-50
-69
2
-36
78
3
24
-83
11
19
23
-36
96
65
-44
-60
-18
10
-76
-31
-3
-29
-15
-25
87
45
-22
75
-95
-94
-28
-97
-69
-67
72
93
72
72
1
59
-90
22
13
3
-46
5
99
95
13
30
-76
28
53
-31
-17
84
-26
-62
-28
-57
58
-80
-10
-34
-86
-83
-99
-50
35
36
5
29
-39
-96
6
97
-87
-100
-23
-69
62
69
-81
-55
15
-39
-97
-40
32
-63
35
17
62
29
-20
-65
-46
-19
14
26
48
-39
-81
24
-83
73
-57
3
-98
41
-20
68
53
2
-34
-8
26
-17
32
-52
16
-73
0
95
95
10
73
-10
12
-86
-3
31
44
56
48
-83
88
-61
57
-38
-39
0
28
12
-84
-31
-61
71
64
-75
-38
56
99
7
-34
-5
-34
-36
98
78
89
-80
95
1
-81
24
-37
-51
-92
-44
17
2
-81
-15
-20
51
14
-7
38
-2
-20
46
75
-79
-5
50
-1
-19
56
-68
-49
68
-50
-74
-82
-17
75
-75
-23
71
13
-63
99
-64
35
4
-34
-3
-16
13
-64
76
18
-43
-89
-16
32
92
-24
-88
-91
56
-61
-99
27
63
92
-11
50
82
-46
-86
-68
30
52
70
-73
25
-97
60
-40
17
-32
-32
-21
-31
-35
38
21
-58
-93
-70
53
-30
-99
-100
-24
-100
69
64
-32
45
54
6
-23
-37
44
87
61
24
-54
10
57
11
69
40
-62
19
-36
-74
-82
-42
-8
-98
-81
58
86
-36
74
-59
-49
56
17
89
-62
53
65
-97
-4
-73
-73
-79
-98
94
3
-52
40
68
11
-85
-13
-53
76
91
-3
80
-62
87
-62
-2
69
-5
36
-52
-19
-8
2
86
-24
-27
99
-3
55
-98
96
-49
-94
33
-76
-96
-92
11
-80
-33
78
41
-4
96
-41
-39
-4
8
-84
48
-8
-84
-22
33
58
3
62
24
38
-53
26
32
20
24
40
-37
-60
37
-56
-5
7
78
42
2
30
57
-44
36
-36
-100
-84
28
58
8
13
-78
-100
-65
14
-28
-35
-5
-10
14
33
-25
61
23
26
20
-53
-43
70
-79
74
-34
-13
-63
0
-88
90
-31
-74
47
91
-63
52
-14
-95
-27
66
39
-9
-2
89
36
66
-82
-10
-36
-24
61
23
-6
89
0
-39
-52
-43
64
15
83
-61
-45
-55
18
-81
21
-63
97
-26
46
-55
49
-85
92
-58
4
7
-18
-79
80
-18
24
86
-46
-11
-35
47
-45
-3
-26
77
26
85
7
57
50
31
-89
-71
98
-57
11
-92
-83
-29
-19
58
-3
-15
-92
-87
4
9
79
42
-15
-88
-45
98
-64
95
-4
39
-29
-87
7
27
-33
16
-65
61
-71
2
7
86
50
12
94
34
28
-54
-42
-95
1
51
-43
-4
-25
-49
-76
12
60
48
-82
-16
-5
-79
16
63
56
-83
-3
-24
-36
-46
84
51
3
-53
16
49
86
51
-92
43
86
-55
-20
-95
76
-70
51
-85
68
-8
62
10
-9
74
57
44
-83
57
29
-1
50
37
-48
78
37
94
-36
-63
-24
77
-75
34
59
43
-12
-85
25
-64
36
72
-11
64
1
56
-4
-2
-54
-94
-41
96
99
66
-89
-76
-79
44
15
40
-90
87
-82
74
-35
96
31
29
31
-71
96
86
17
-35
-80
36
99
-18
-62
-64
-15
-43
-19
-92
-35
1
-20
58
-16
2
-92
8
-6
-30
46
91
-80
85
42
27
66
-74
36
12
-98
-92
62
57
-42
33
-82
21
-27
-73
30
-35
-83
-14
84
93
-38
-99
98
3
-61
43
-69
-34
-36
-28
2
-66
27
-40
-100
54
-56
83
99
-72
19
23
19
97
72
91
72
4
-53
-32
-7
3
-2
12
-97
85
93
-92
88
25
-7
38
30
-24
25
-73
94
-12
78
25
2
98
26
14
-30
-31
-57
-63
64
-46
-58
27
2
-95
99
-74
22
18
-29
28
27
31
85
51
0
-77
87
-17
-48
85
-59
-67
73
49
-64
49
37
50
-21
-9
-63
28
95
-42
36
-43
-94
90
-80
-99
-65
72
-62
-76
6
23
59
-96
-81
78
-79
-2
6
-42
-97
91
98
37
-99
72
67
-59
97
14
14
-38
-10
44
2
-12
-59
-90
-2
-7
53
-41
24
90
-59
76
74
-57
-4
54
58
93
59
-35
-34
33
34
77
-97
-26
-79
-53
22
-23
-73
-8
-21
40
-66
10
22
56
7
12
44
19
-62
-30
-36
-32
-56
54
-37
-37
70
-19
89
88
-96
28
6
26
51
18
78
66
-72
-13
36
61
-63
71
99
72
-60
-6
1
36
-48
19
-66
91
-24
-25
-80
-47
-74
-29
-77
-68
-14
-36
55
-3
40
-85
-50
-72
-62
78
53
-18
32
60
64
-23
-18
-37
94
0
-58
-24
2
-60
77
-27
-59
-42
27
60
-26
72
20
-61
-90
60
-27
-74
-55
-37
64
11
-44
49
15
83
76
35
-26
62
-98
-14
88
-7
32
-51
-60
-93
26
-8
-62
-16
45
-79
-80
-58
79
51
49
39
6
-99
48
-83
59
-30
49
63
87
-71
-75
-10
22
-97
31
-36
-81
-31
51
26
-6
-63
-43
40
-38
80
74
82
25
77
-81
-76
11
-99
18
46
-70
-71
-27
97
38
-16
-71
-37
69
-90
13
-70
15
23
-95
84
-93
5
-87
80
-92
2
-82
81
-15
27
30
-37
-64
94
-15
28
-18
22
17
-64
66
54
-65
-78
83
-70
84
-23
-93
18
-90
17
-73
-94
-35
16
-13
-100
-92
26
-31
-96
47
95
87
51
-60
-12
-12
63
-47
15
-78
-88
-9
28
3
37
-53
69
60
-18
-29
30
-67
83
-96
89
4
-27
22
-27
21
1
89
-48
71
-99
31
70
10
37
-28
-100
76
-89
-22
90
-29
-86
86
-74
86
13
70
-3
93
25
7
-24
-14
-25
-38
91
19
-33
-76
85
46
48
-35
-49
86
-32
-41
11
-3
-22
-60
-21
29
-75
31
81
-61
60
47
59
-70
71
53
74
-98
49
-78
-90
-72
-25
59
67
-6
12
-16
-83
-46
54
56
-51
33
-72
74
-45
83
50
76
65
30
-21
90
96
52
-60
-72
-92
-77
35
-16
-15
66
-10
61
-64
-74
88
29
55
-10
-58
-23
98
-69
-31
62
-12
47
-95
77
92
66
-25
-98
11
-31
51
-25
74
81
-50
1
77
87
-79
-40
-60
61
22
-55
89
57
0
-41
-97
-41
1
50
-41
35
39
53
-49
-4
64
94
78
88
-9
23
72
-70
63
36
-53
-4
-20
16
-54
-72
-18
80
-43
-40
38
-1
-55
19
21
18
-85
5
10
82
-82
-55
-18
54
64
17
-57
-11
-13
33
-85
67
-57
55
-40
-50
-32
-57
25
63
-58
56
-42
-87
-28
30
-46
17
-100
-87
54
15
59
92
56
53
93
83
79
-44
-70
-5
86
49
-46
38
45
85
-60
99
-84
43
-62
64
-28
-53
-70
-62
89
61
-94
-67
-42
83
-4
-57
-72
61
-37
14
-64
23
-45
85
-93
63
69
61
14
5
-36
-90
-18
-74
-94
-75
41
-61
56
-32
-99
43
-25
-76
41
-91
54
-34
-38
34
62
76
99
-41
-12
-85
31
-10
-40
31
-90
-86
10
-71
-42
-76
83
75
66
19
68
52
38
54
45
82
-5
55
-81
-14
47
80
66
-32
-5
43
-20
-91
1
-38
-60
19
22
-16
-96
51
90
-33
-90
-3
25
-47
13
0
65
-97
30
-3
-49
79
-70
26
72
6
-90
-19
13
-2
-79
-84
19
-66
-29
-33
-32
-74
94
-12
-10
93
-12
70
0
-30
-69
-65
-31
-77
72
90
51
62
-45
-5
-76
-9
63
-47
-19
84
11
55
45
-80
47
-53
-73
-33
-18
-1
-29
-3
8
91
41
-69
13
69
29
33
-13
9
53
-98
48
92
9
-96
42
37
-98
67
-26
56
-56
-20
-28
17
59
63
6
-36
-5
2
-46
-58
83
-61
91
86
-75
97
65
3
-52
64
-78
3
77
-37
28
-81
-50
25
20
25
-16
66
79
-82
-37
36
-47
72
71
38
-64
-98
-79
3
86
45
85
-27
97
3
19
60
27
-13
-49
48
98
-97
-100
11
83
-66
15
60
-34
-4
75
17
40
-88
69
-45
97
-42
81
-60
40
-85
-65
-48
-87
-97
-25
-39
33
-77
-14
60
8
-81
29
-26
21
-20
-85
-78
10
97
44
-76
86
77
-65
88
37
-46
10
-2
-5
-42
-86
-49
-34
-81
-78
-25
-6
95
52
16
-88
-33
-24
82
76
80
77
-31
59
-18
74
47
46
-38
-12
22
-10
91
41
-91
-84
-28
83
48
-84
95
44
-90
87
-33
32
93
56
8
90
-80
30
-88
-78
34
-18
-72
67
66
-17
-48
-10
51
48
-69
-97
-9
72
-74
17
-9
55
10
22
66
14
47
85
-95
97
90
-18
54
80
-88
-94
41
-21
-59
92
-98
-23
5
-99
-46
67
-87
10
44
39
-92
90
19
-21
74
62
-13
37
-48
14
-97
11
-73
65
3
-5
98
47
43
-27
-92
-92
-47
-11
56
-67
-84
-5
77
-61
95
39
-50
-47
-37
-17
-44
-98
-60
-43
16
8
-26
20
89
84
-9
-53
-46
-46
-99
46
16
-39
-70
-58
-19
92
-73
-16
13
-95
58
-30
2
-71
-100
-40
-23
7
11
2
-83
3
-46
58
22
87
38
27
-27
-11
74
62
34
-71
26
38
21
48
-42
-74
-15
52
-49
17
25
40
-36
-52
-31
7
-31
-80
-11
-100
-49
-13
-47
-62
3
-50
-25
29
18
-61
-52
79
49
72
26
85
88
-16
-17
-45
-74
-44
46
85
-42
33
65
48
66
31
-19
-31
59
-3
13
62
29
-43
40
85
-73
-95
-10
-7
44
34
50
-44
47
76
5
61
-32
63
25
34
-3
-91
-31
32
-58
-92
48
-68
76
20
82
-2
-31
33
64
-84
26
-64
-76
14
-21
-99
11
31
-64
68
62
1
77
-64
20
76
60
-66
-46
12
26
-18
-3
-55
32
35
-85
-55
74
29
-27
93
-94
-95
56
-8
48
-58
7
-74
6
75
99
-97
-68
89
72
58
78
-59
62
53
-23
-79
78
96
16
-72
69
28
91
-42
0
-67
-52
-82
17
-35
58
4
-48
14
7
-66
-37
-88
87
7
36
-64
85
-21
-15
68
-16
-73
70
-90
-67
-83
-56
-69
27
70
-84
-61
76
6
-20
29
-45
-37
77
-62
18
-43
-36
63
67
-55
77
-44
-98
34
95
52
21
-85
-83
-87
-2
90
-4
93
63
-62
-95
87
62
68
-30
-3
37
-98
-88
85
-27
72
-67
-70
26
-55
24
2
-87
12
-83
-52
31
78
98
15
54
95
-10
67
15
-98
-27
49
-89
53
88
41
-52
-14
-41
78
-99
-84
87
64
84
9
71
-89
46
88
38
99
77
-21
8
23
-3
-13
40
77
14
-47
-22
-8
47
-41
85
-19
-56
-14
-65
31
93
61
29
47
-77
-64
33
-68
26
-82
93
-1
-23
63
-61
21
-27
-78
23
73
-37
-3
-26
43
-78
54
-80
-46
34
94
44
36
-43
-32
-35
72
-4
42
-86
-56
15
-64
-69
13
-23
46
-14
-3
52
95
-29
-44
17
24
-79
86
-1
1
-24
22
31
-66
44
44
-42
41
-2
-39
56
63
87
74
-99
-91
20
98
-1
-77
-11
73
-51
-81
14
35
37
71
-7
70
-30
82
-50
62
-87
94
-67
9
-53
-75
63
-59
-22
-44
91
-84
-46
-6
-22
89
97
-84
-56
-88
-66
-19
-21
-58
-35
-39
-55
23
56
51
81
36
73
-46
58
28
-32
62
-19
82
29
7
14
87
81
-96
60
18
-92
55
65
-40
6
92
55
-97
-1
66
-67
47
53
17
65
-29
34
-28
47
-3
97
-89
-17
28
36
56
88
-68
-36
-11
-18
-26
-42
87
20
65
-61
5
-2
-2
9
12
21
59
70
-65
40
-49
11
-44
-29
72
-30
-85
22
93
-61
5
-7
-85
29
-15
47
-28
-42
-88
14
-46
-85
68
-20
71
32
5
1
-89
47
4
96
-48
-61
-94
-39
-79
-48
94
58
-7
-66
11
-45
11
-9
-38
-45
-47
-25
70
0
-55
-8
-99
40
-30
-99
16
93
-82
-82
-41
5
-87
-46
-85
96
-68
-79
32
18
-5
-3
4
-50
62
-87
63
-67
23
10
77
-5
83
16
53
-20
57
-7
-90
96
76
65
-51
74
-63
72
9
-95
78
-30
29
31
67
-96
13
28
-84
-25
-93
10
92
2
-44
-7
80
-73
7
39
-50
90
-59
-45
-72
25
-77
22
45
30
72
-54
-84
-33
-5
69
-24
-43
17
69
80
-60
-79
-82
-53
-4
-44
-17
-22
-3
-66
-13
-43
-58
91
45
7
80
-41
-38
-29
79
-23
71
62
4
-84
75
-3
-88
69
18
-100
20
-7
-69
11
25
-51
-9
-54
-13
-9
-56
47
1
51
-37
78
-9
-52
40
-20
-11
-7
-60
-60
96
-9
-33
63
16
60
51
85
50
37
