-96
741
-96
-9
48
-99
-30
-6
-12
34
81
66
73
1
-4
-77
-59
-87
1
84
-64
8
-94
16
27
-71
-88
-54
-43
42
31
39
24
-67
-14
-69
-92
-13
-96
-31
-95
-74
59
-63
-39
-37
13
-18
-8
19
-54
15
33
95
53
88
11
37
27
-75
-33
3
-26
52
58
25
-76
40
-43
49
-85
-8
-67
-34
-5
-55
62
34
87
96
6
99
5
97
69
-76
-84
-62
32
61
-6
-49
52
-55
-31
66
-39
84
62
17
-86
-76
71
-86
28
57
-22
-33
-28
-56
95
56
7
25
-62
-71
33
-84
37
18
27
67
1
-50
-37
74
18
54
-1
-60
-53
-80
32
-73
-60
-5
87
-9
-62
98
19
5
16
24
96
-5
60
3
-33
38
-84
57
41
1
-75
68
-95
-24
22
80
-95
-54
55
-97
98
-38
-49
-87
-19
87
29
45
90
-89
29
-31
57
74
-63
-54
62
14
86
42
-26
64
-52
27
90
10
-96
-15
-19
-25
-8
-50
57
11
-81
-92
-75
70
43
17
-58
-21
72
25
-79
-49
-81
90
34
-39
-24
-25
-56
-62
44
28
-82
-56
-70
-72
-32
-48
23
50
-40
97
65
-20
-11
29
-45
72
-68
-7
3
96
33
31
-48
10
-51
-48
1
85
-99
13
37
-62
42
-21
-75
10
21
48
69
81
77
70
85
61
-77
89
50
-45
-28
76
68
-58
-30
-18
67
-37
-86
79
58
98
33
29
75
26
-30
68
-87
75
80
-92
98
-66
-52
4
37
-93
58
-79
-33
65
59
95
-69
-92
-54
-34
95
-86
83
-28
-57
60
2
35
81
-35
57
68
85
37
43
-25
-100
41
84
49
-100
-21
-95
-55
-75
-5
-26
77
72
58
49
74
-21
-94
99
49
89
-10
-25
-58
-20
67
87
66
-54
-7
-88
30
-76
-53
57
-69
64
22
25
17
-31
53
-40
-21
33
-11
-70
46
-45
-89
-15
33
57
29
19
90
-25
51
-43
-25
-38
-97
67
54
65
-50
66
0
29
39
44
86
-4
81
46
-73
-100
-58
-80
23
-52
-78
8
36
27
-70
-24
-39
-72
94
32
63
96
-29
5
22
41
29
-45
46
-72
7
-65
-33
16
-32
-66
-88
14
-43
-19
-86
98
23
55
-43
-25
-90
-45
-81
28
-71
-35
-63
-24
86
-46
14
98
0
2
-35
-21
34
80
-66
62
-80
-48
13
-75
-65
73
-66
0
90
76
-11
70
77
75
70
93
-49
-42
84
-18
-77
-16
11
-33
-81
-53
74
94
-11
-29
-5
45
-51
-50
65
31
39
-74
24
-12
-19
13
3
58
98
-85
-29
-23
-54
46
-59
-96
-49
38
69
77
10
86
59
-8
-47
54
-29
-63
1
-96
-46
78
25
19
-54
-70
-88
99
-15
-50
48
82
-97
88
-16
-64
47
3
36
-94
64
80
-71
-46
-9
-43
48
76
58
-56
-60
-97
-70
6
46
49
57
-96
-57
-60
50
-86
52
-11
3
-36
8
-92
76
-12
89
-20
-42
-37
-63
89
-20
84
-13
95
72
83
-68
-91
-81
-86
31
-47
23
72
81
-9
33
-24
-36
-41
-60
54
-41
34
84
-36
42
-96
1
-93
-74
98
-1
87
-81
10
-65
-23
-88
46
-93
-22
-55
-68
66
-26
86
91
74
12
-51
45
-44
-58
-86
72
-15
-36
-70
-58
-80
14
26
-32
-35
71
-41
61
24
-27
-63
55
-96
-87
-82
-46
-92
-8
-10
87
-93
78
15
4
-23
48
-92
37
-51
-88
24
-74
-81
-3
41
26
-54
62
-78
24
-52
78
-24
-74
-15
-44
-87
-23
-6
19
-37
-11
49
69
40
-97
53
-68
65
75
60
-16
12
-13
43
-21
15
52
58
-15
-14
-87
-55
-94
40
36
-67
46
37
87
-34
86
-45
-38
-10
-74
-12
1
87
-97
32
21
80
31
-41
-71
-49
-62
78
-44
-37
-90
39
