-55
7840
-36
-5
-38
68
14
-20
48
16
-15
-5
79
-74
-53
70
-65
10
-8
10
72
15
-63
-5
-56
77
15
-67
-53
86
5
-13
-12
-88
-97
92
-47
59
-14
30
12
-91
-79
-60
29
41
-34
-84
-88
1
-100
-21
48
94
-83
72
81
-29
10
27
33
52
91
46
-75
41
-24
22
5
-55
65
-54
49
-70
-95
-4
13
50
14
-77
60
-63
-96
24
-33
12
-23
27
-58
89
-9
-68
-30
43
-62
19
-61
61
74
91
15
0
57
93
21
-15
73
-17
-78
-84
55
16
71
11
-67
-9
-17
44
-6
99
59
64
-70
-5
93
30
-47
6
60
56
73
-89
15
-95
29
-43
-62
66
-49
91
14
6
-66
1
-16
51
86
45
66
-89
71
4
-25
-11
91
40
60
3
24
-17
-42
45
81
-30
84
29
44
90
-52
-50
54
49
46
10
17
-83
8
8
47
98
-67
-59
-21
-78
20
-99
-79
-67
-54
-42
-56
69
-96
-49
-19
-13
7
60
-58
-6
49
84
-20
18
-19
20
-96
-7
46
45
82
-45
96
-31
-32
88
-31
-52
-25
-24
1
38
-15
18
-7
16
-66
5
-90
86
-88
98
37
82
-9
-90
-81
-84
27
-65
-67
-23
40
85
66
71
64
-46
19
-89
-66
27
-59
-50
-64
-95
-65
63
-41
-90
73
-99
-37
-79
-33
-77
57
-50
52
-13
57
-90
-29
-7
5
38
-55
-3
-87
58
1
-11
-4
10
66
68
-61
20
33
20
19
57
-40
-96
69
-94
81
-46
-88
-47
48
-61
79
-27
88
77
89
-84
-30
52
80
-1
-19
98
-23
18
32
51
-87
5
15
56
-72
32
73
-72
85
-2
54
64
-94
-41
10
31
-57
-4
-23
71
0
46
7
21
68
27
-65
-71
51
26
32
-34
-16
72
89
-7
-34
-1
-21
29
14
50
-100
-56
-38
82
44
-70
73
23
-19
-45
48
57
56
91
36
0
64
46
92
8
0
-58
58
-63
96
51
-42
-94
-74
10
84
91
49
82
-1
-62
-43
53
64
-80
-39
89
10
-82
-100
22
20
98
-98
68
26
-82
84
94
-19
90
-43
37
-62
24
-23
-25
-10
-77
55
40
-30
45
-63
37
53
-11
-46
36
60
31
-30
96
96
-82
23
-26
56
9
40
-21
31
48
21
40
-91
87
82
-28
-48
7
-13
-73
-78
-21
-17
-94
73
84
-38
-69
16
73
-24
-35
21
-30
23
-3
60
65
-32
-28
-27
-7
-6
66
-74
-88
6
-16
71
-25
-91
-59
87
-46
58
63
89
-7
50
11
12
-38
-67
-32
-14
-76
26
-89
-89
55
-73
70
-31
65
-16
43
61
-18
-7
-95
78
28
-55
19
2
-66
63
28
72
-86
83
70
-12
-55
40
1
43
0
-94
10
-29
23
11
-34
24
4
-24
83
61
-3
56
-87
74
63
66
-28
20
-90
-60
-54
52
-98
27
80
-33
-86
-9
50
87
-62
47
-54
-77
74
94
-69
78
-34
-54
-75
-13
-89
-22
69
-16
62
36
-61
-87
-30
61
-33
-26
-100
-39
-28
62
57
73
7
-78
58
-63
19
-99
24
-49
44
25
-8
20
-4
80
96
35
-79
39
39
66
59
12
-14
-84
99
59
-20
19
-6
-23
99
10
28
47
-56
-57
-57
-33
-34
37
67
92
-16
76
31
7
-17
-12
51
20
80
-70
22
-15
2
-20
33
-61
-47
-76
-2
34
56
47
8
1
65
-95
80
24
38
54
26
-99
-1
24
-84
-79
-87
27
-20
63
10
-61
-73
78
-91
-37
-85
-38
95
-30
63
75
73
-55
89
-100
-22
16
63
-88
52
-10
72
-7
84
11
5
80
-85
9
27
-59
16
41
19
-41
73
70
30
99
96
-73
-41
51
-89
-18
-82
-15
35
34
-40
37
45
78
71
-88
38
-46
86
51
31
2
97
52
56
16
-86
86
-60
-57
56
-57
68
62
-7
91
79
57
-6
-23
43
-21
-74
76
-66
-22
-15
11
-75
60
72
26
-61
56
16
-5
-56
-26
21
76
73
-83
-5
23
-74
78
-4
-54
36
9
62
-53
-81
31
-72
87
99
93
-73
74
-13
-90
37
-48
-2
-32
29
20
88
11
-71
-86
-62
3
-86
37
-64
45
-15
-16
-99
16
46
-88
32
-10
9
17
-62
87
-46
33
14
-11
29
56
-34
75
43
1
28
11
-38
32
-5
48
17
-48
95
-65
33
-40
97
74
21
15
19
-68
-79
-43
-99
38
-1
48
17
-49
94
-30
-79
-53
73
-6
19
80
-11
-68
96
-98
-93
54
-55
62
27
-46
-5
55
-84
8
95
-88
84
-64
-63
36
99
-69
69
70
86
-43
-65
-76
5
64
92
-12
-31
84
-82
-77
-73
-51
70
-99
-75
95
84
-44
-13
-84
24
81
31
-41
-32
87
-53
-38
-93
25
-72
99
-84
84
-6
27
54
64
54
-20
-70
-37
-13
28
-58
-60
-62
40
-67
-50
52
-45
72
-57
91
-82
-94
-63
-1
4
76
29
-51
-47
76
-34
-27
75
-28
-74
-91
-26
14
-79
-14
-90
-92
-80
-81
-19
-8
-88
-26
-66
-48
48
-65
-9
-59
-36
77
-77
38
-88
-30
-27
98
-60
35
12
53
-30
74
59
29
-26
-23
-20
-34
-71
80
-60
-46
-84
-98
81
-10
17
-20
72
61
5
-94
-61
50
-81
-64
40
26
29
32
-6
62
-79
78
14
62
83
-65
89
89
-90
98
86
58
-32
35
60
-39
-5
47
88
68
-23
68
-15
0
-46
43
39
40
-59
-46
65
16
-20
-25
26
35
28
25
40
-40
71
59
-16
59
-97
37
64
-47
-87
-92
30
-88
-58
-67
16
-45
-26
45
36
47
-51
48
-36
80
60
47
-53
15
-38
-36
2
-73
-40
21
-42
-71
-16
79
-52
46
98
-83
-58
25
62
-79
-84
71
4
-38
-20
-73
-60
-48
48
-85
-73
-15
33
-9
97
89
35
39
91
-39
69
90
54
-24
22
45
-85
-33
12
-35
-59
41
-68
-76
-2
-51
88
15
82
2
85
-61
29
83
19
86
74
-42
-81
78
5
-84
17
48
-23
16
74
68
-45
81
67
-65
-63
66
58
-4
4
31
-71
52
48
72
84
69
-55
93
89
83
-86
79
-59
90
-49
63
71
-77
-26
53
90
-63
-8
34
59
-99
-35
-12
21
-41
-2
-100
-39
-37
55
-6
66
-17
-98
21
92
-22
-64
-77
-5
3
82
-79
-25
48
-98
-84
-25
-77
30
64
4
51
-96
75
43
-44
36
-25
-51
19
91
-96
-84
-50
18
-75
33
91
-33
-45
33
-15
32
11
60
95
-57
-45
19
-76
55
-96
-86
49
-8
-35
-86
79
-41
-80
-36
-17
-21
-81
-49
-28
-87
6
75
-33
-42
-1
31
-13
-13
-54
45
36
58
-35
28
-94
-100
86
-73
44
88
-82
24
-91
-43
38
15
-15
-91
-30
-57
79
-99
59
47
-54
49
46
70
-94
2
-76
-89
-94
-10
-90
-65
-39
35
9
-79
87
71
-95
-68
-52
48
67
-41
-20
-100
-3
-71
-49
62
36
33
28
-84
5
45
-58
10
-30
25
22
-83
6
-70
0
-62
31
-1
30
74
75
-65
-43
-39
-72
83
72
-15
-28
-71
55
90
-27
61
-48
-95
7
99
24
79
-23
-85
98
96
-69
-25
2
38
-79
-88
-97
-7
-73
-38
90
-14
32
-3
48
71
-6
83
76
77
-12
85
-46
20
-32
-77
-46
94
-76
-2
58
17
95
-80
-87
89
-53
51
-25
29
92
38
-76
-33
1
14
-45
-63
-75
61
43
36
75
75
69
-51
-65
35
42
56
84
-93
86
-55
-99
38
-53
69
45
-98
-82
-12
98
-88
91
2
86
-76
-76
84
20
33
90
83
84
97
11
-21
80
-73
-4
64
71
-78
-97
1
-86
87
-58
-14
-86
-55
-8
-11
22
-100
71
13
49
-20
85
74
82
41
-97
-71
-92
48
-7
-87
55
29
12
44
87
-10
77
68
-69
38
0
-83
6
-33
-22
-21
17
-16
-60
-40
-56
-8
-37
-87
-31
-7
-93
41
42
-29
38
-96
31
49
26
95
-54
-38
49
-50
43
-56
-19
82
33
7
99
8
-81
-22
-93
-5
45
-11
-22
54
46
91
-18
-99
-13
73
-59
-87
-10
-95
6
-20
33
-67
37
60
-90
-55
-27
-25
51
10
-57
70
-40
-74
56
-95
5
45
92
18
86
-60
78
65
43
90
-24
40
-94
-73
-61
-94
29
-99
-37
-9
19
-48
24
-91
60
-36
41
-71
61
-69
5
-30
-47
87
8
62
42
-35
-14
60
76
85
46
42
-77
89
48
32
29
-56
59
-13
62
-47
22
-75
97
57
91
24
-77
-48
87
97
25
76
44
-39
-36
37
-1
59
38
-79
-5
-71
19
-94
16
-89
35
-74
-18
-97
-11
10
47
72
-91
98
-25
-61
-41
2
3
57
-42
-48
-37
-73
-52
52
88
-38
26
92
-74
-91
-25
27
94
27
50
51
-11
19
1
95
-93
-39
90
-70
-16
98
26
2
-97
-48
-41
-15
1
86
-67
51
54
61
-90
-39
-46
73
34
59
19
36
32
11
54
72
-71
-90
40
-99
-6
-12
-95
-93
4
24
88
25
7
-96
-60
-28
-41
76
-4
-42
93
-61
-34
-89
-49
-32
-72
-30
39
-84
57
25
-58
-20
55
42
-88
92
79
36
91
69
4
-43
1
-5
-32
-66
-11
-77
-74
78
-18
47
44
-94
3
6
78
55
22
-6
-99
-89
-35
-27
94
75
3
-56
-87
-73
80
-74
-21
62
-54
17
88
-2
-96
4
-89
-97
32
83
38
-88
-4
-19
-17
34
82
4
59
36
74
-46
-35
-11
-31
-24
-14
18
-84
-5
63
-15
-35
-82
-55
-3
58
41
-34
-75
80
-82
-100
47
-83
-78
79
36
55
-25
-84
84
61
26
-66
-89
43
70
43
-10
19
-11
71
42
-51
-8
87
99
20
-9
29
-93
9
-6
84
-30
-5
-58
-30
-50
-60
24
63
55
-95
-13
79
83
-43
-56
35
85
-34
-18
56
86
77
32
-47
45
53
48
-89
-56
21
19
-6
-81
-54
65
-2
92
47
-78
-67
89
37
78
-15
-48
51
-7
94
-65
14
-24
67
11
87
-100
-96
5
18
-19
-7
-73
-74
40
-35
43
-92
93
-6
89
-60
81
45
52
33
24
-69
-59
9
48
53
99
6
-43
-32
-78
-15
-76
-100
89
-51
-16
98
-93
3
-47
-42
-73
-84
-73
69
-65
20
-34
-67
41
80
62
-31
84
77
22
-24
-92
87
-52
-60
16
46
-43
-92
-50
41
91
68
89
49
37
64
9
17
0
-96
-60
-42
38
-55
-23
-65
92
-33
17
0
12
39
89
34
-23
19
93
-56
-67
-77
44
-29
16
53
56
73
-91
-66
11
28
95
-18
-82
-86
92
8
74
-62
-97
98
17
-85
-79
1
-72
-27
-73
-72
-15
37
60
48
-45
-71
-55
92
-12
31
68
-98
-55
31
19
71
68
-88
-83
39
76
-63
-97
-41
83
-6
25
68
30
-7
-91
-33
-73
92
-93
-76
99
-98
-90
-41
20
91
-43
21
1
-3
72
-87
-100
-7
78
-45
2
7
59
39
92
31
19
-60
60
78
-36
-12
-34
-55
95
-79
16
62
90
66
43
59
85
-73
-98
-40
20
-19
-86
61
73
-54
28
-16
-68
30
-98
93
23
-24
25
82
-18
67
-76
85
27
-40
-11
-4
-28
-25
-27
-94
-27
-24
-77
94
6
-15
61
14
-22
-31
70
-55
-81
61
-59
-68
29
-75
-4
-66
45
33
9
86
66
99
-88
51
46
16
-71
52
-74
-97
24
-90
-68
-51
35
59
-64
30
-78
-10
-16
-55
44
-17
-77
19
-21
15
81
66
3
-39
69
2
-92
-18
-67
-88
78
-7
35
9
-100
-31
89
33
64
-41
-64
-13
-89
-82
54
-72
86
80
65
54
95
74
49
-73
-66
-36
-59
8
-1
-75
-61
20
-60
-19
-9
48
-77
-95
-62
-47
-80
73
-82
-28
23
49
47
46
44
-62
54
-39
82
88
-44
47
72
-53
-43
60
-40
-42
99
15
-88
-61
3
56
-16
98
16
-78
-75
67
-38
-61
-10
40
65
-75
-96
14
-77
78
-6
-93
-89
15
-75
95
-60
95
64
22
-70
-41
46
-64
-73
-6
-82
-77
4
-79
33
-98
-83
-82
-18
70
-71
31
61
42
77
92
-42
42
-32
31
-13
-11
25
-64
-11
-74
71
50
5
82
-10
35
8
-43
-17
-59
-88
-60
20
91
20
-100
-88
-67
75
-39
65
-28
-76
-6
-78
97
-45
23
-71
-59
57
29
2
86
-79
3
-55
48
78
-11
-82
57
17
3
93
21
-40
-69
49
-57
-4
34
4
-77
13
-72
56
-74
-54
85
71
-26
-36
-54
64
-3
58
-67
98
17
-27
45
98
88
-51
-17
-19
-90
-76
-97
98
53
-37
-81
78
-1
-53
41
28
48
-93
67
-29
-14
94
30
87
-78
25
-83
19
14
89
-23
42
2
-26
97
-72
22
63
-98
84
-78
-28
57
5
-82
-86
-68
-51
3
-90
96
96
-28
81
50
31
1
-98
39
-58
-92
-97
-38
-84
-69
-64
61
-22
-39
-50
66
0
-84
84
19
-26
-31
42
59
-59
91
-49
-25
16
-25
68
24
15
81
60
20
-20
-58
-85
-99
6
75
-2
45
-18
-82
63
34
89
-77
-14
-60
-70
-84
-21
-86
-58
-80
44
19
-25
96
75
47
-21
-92
-87
-21
56
32
89
-96
-57
-95
-27
53
28
-33
-23
27
-65
-19
76
-3
-42
52
67
-53
-81
-27
-83
-78
-52
5
86
6
96
98
-93
-29
-82
98
-10
15
29
-12
82
51
-93
91
-46
-1
88
-7
-97
54
50
-81
94
-59
-79
-61
-9
55
-35
-55
-95
-53
-92
60
87
-21
-81
80
-25
-94
-40
-58
-4
-33
-81
34
79
-92
-87
8
-36
19
42
-69
82
93
76
12
11
9
34
19
78
-64
74
94
-2
48
58
96
-43
-92
21
30
-53
-69
-96
68
-91
94
-34
0
-95
36
9
69
-52
-58
95
97
10
-43
-10
-65
-66
60
-100
32
-68
79
94
-36
-2
-66
44
-93
-55
-82
-78
-100
36
-62
-90
-86
75
53
-61
7
-50
-40
84
-98
-34
93
-10
-9
52
83
38
-14
-100
39
-16
-11
12
52
-70
-55
27
63
97
-37
-86
-68
-4
-14
68
87
16
0
-3
-72
-60
-18
97
-8
11
-90
53
30
61
-80
-53
83
-21
-68
-29
50
74
45
-79
-45
-20
68
9
33
-10
-95
-49
61
-97
24
-74
22
-3
3
53
-13
37
96
20
75
-33
5
-64
-91
47
85
-98
-30
-18
-47
-28
-8
87
-98
70
-44
11
70
21
35
73
-66
-41
-69
11
49
-20
-96
47
18
-94
40
-59
-68
-5
-4
7
-80
34
-20
-64
-85
-74
74
77
53
-99
-93
-46
-69
67
-34
-18
-4
38
41
-69
2
24
-50
47
4
31
-49
11
-14
-43
-33
39
-35
-38
52
0
36
-53
-25
5
-88
-21
-19
57
-31
-73
-56
65
92
-92
-99
35
25
84
-20
87
-12
92
-1
-25
95
-11
36
92
25
35
86
-90
33
6
-62
56
-34
16
74
-79
-38
-50
-55
-83
59
59
-66
38
-24
94
-47
-23
-73
-61
-86
-41
24
85
48
-15
-20
81
-8
53
-22
69
0
35
73
13
11
-87
1
64
94
93
-52
43
-53
-44
-52
-24
89
-83
23
-30
37
-76
-87
89
-9
21
79
2
-31
-30
-71
-52
-95
-48
-85
41
-51
-49
-56
-53
-66
30
57
-88
-32
-49
-36
28
-81
62
85
-27
23
-99
2
-98
44
-12
78
87
83
3
-23
-3
-50
56
-13
42
39
28
-58
-95
-91
26
-34
-49
89
-10
-23
35
48
-67
-100
-34
-88
18
51
79
-4
-55
-64
90
-71
-36
53
89
-99
0
-10
81
76
21
34
-69
68
99
55
-4
56
-52
-1
-70
38
22
52
-70
90
-42
92
-80
-89
71
32
94
-33
85
5
-54
53
4
-85
62
33
-58
45
62
-63
-70
-66
8
-97
98
-25
-92
-66
80
46
-17
37
60
26
-24
31
-42
18
-7
-90
70
-53
-83
-68
-94
-68
-9
-39
30
-90
-32
-71
40
83
47
-73
90
-37
-94
-70
69
30
-62
-72
-77
74
98
-49
63
-36
-46
-80
57
-91
-40
-97
65
-79
-29
-33
-39
-81
67
-37
25
14
80
70
-20
40
-97
61
42
97
58
22
22
-36
-15
95
74
-66
-20
-76
93
-32
89
32
78
-7
7
70
-25
38
-4
96
87
85
53
47
45
12
95
78
67
24
11
-45
83
61
-42
-46
-91
47
11
94
-1
-94
-85
-30
6
-18
3
21
17
-69
86
82
35
8
70
2
68
84
44
26
31
-96
-10
-66
-18
-55
-60
-2
6
84
1
-96
-91
-67
-3
-41
-92
7
-55
-53
-10
-83
-72
-19
9
-40
75
17
93
66
-70
-76
-11
42
24
-81
38
22
18
45
15
-50
-40
-38
-50
72
-51
-19
-83
-28
42
-70
64
66
-96
48
85
-32
-70
36
94
-28
29
-7
6
47
5
-10
-95
27
9
-82
1
61
84
-96
-6
81
76
71
84
-60
-50
12
97
39
-68
-78
-46
-94
51
-23
26
29
66
89
32
-44
-94
14
14
-81
-89
-94
10
98
-29
-57
-11
-22
95
-58
-90
-12
-58
0
-79
18
-85
36
-52
30
-57
-53
-41
-12
-29
-42
-50
-78
-94
-44
-34
-95
4
-71
-49
-10
-61
94
-30
14
86
-52
-96
-96
14
-24
29
-28
-97
66
-87
-39
-97
4
-24
27
-22
-27
64
12
-61
-99
19
75
-73
-91
-69
-40
-59
-68
90
-14
6
86
36
61
81
0
44
43
57
61
87
-16
61
4
-26
-36
26
30
-7
4
95
-42
83
22
-36
23
-79
85
-40
-46
22
-53
60
-49
27
-88
64
-53
-37
-35
-79
89
-2
-88
34
-79
-22
47
9
-27
1
31
38
62
-83
-8
-5
65
-96
-84
-24
95
-38
-16
-37
44
-82
85
-42
-32
55
55
-39
44
-52
-83
-12
23
58
52
34
-12
-19
94
74
-63
-15
70
-96
68
-72
5
-59
89
-94
52
26
-44
-94
60
-16
20
-31
79
43
-74
23
-37
44
42
98
53
-15
69
91
11
24
-8
-74
74
72
21
60
-79
-8
-35
-33
-88
-4
28
85
35
9
-27
-74
-21
-32
-9
39
40
-82
-53
-11
-89
-91
38
-1
-94
21
-61
37
-65
28
-59
-91
-89
-63
-22
97
-17
3
49
-3
42
-99
73
-39
74
-41
7
80
-99
-87
56
73
-89
-27
36
18
18
-49
77
12
21
27
42
75
-1
-100
-17
-95
9
-93
33
68
-15
36
6
-14
-8
21
-16
19
20
-19
-41
-96
77
-85
-39
69
-55
-18
-30
7
6
87
67
-42
-84
2
-90
-61
-58
-42
-14
0
-73
24
-2
29
-71
15
-18
-15
58
97
72
-47
-83
19
-30
10
26
19
-86
-51
-64
18
-12
60
76
68
34
63
9
-53
-99
-45
44
-11
-81
-78
18
-13
64
87
79
-59
81
2
28
33
-75
92
53
63
-70
-57
-41
-34
10
67
-74
36
72
9
-48
1
89
-75
70
-39
-4
12
-17
54
-26
-98
66
-49
-59
-30
94
27
91
12
0
99
-2
87
1
50
74
52
-25
-67
-59
-8
67
-68
67
-4
22
-96
-29
18
44
-73
-93
3
18
0
-48
-73
87
52
66
21
71
48
87
77
67
91
76
24
-76
19
-26
-3
-26
49
48
-9
49
24
-4
-40
-98
58
-74
27
-52
-7
-83
82
9
-43
85
-15
6
95
30
-87
-87
64
-30
43
-92
-38
55
-52
42
-100
-21
-90
24
-70
-36
45
6
86
-31
39
19
-41
34
74
-67
56
-32
72
-35
2
-54
-98
39
-33
-93
59
99
18
-79
-55
-51
-89
83
30
38
1
-44
65
76
4
-42
66
-87
96
69
-18
4
73
59
2
4
71
-50
-23
46
-28
59
50
78
-59
-7
84
-98
9
20
-11
49
-23
-65
-21
13
50
93
69
-2
39
67
17
66
-71
-83
59
27
6
-18
9
5
-87
43
83
92
-84
-93
-1
82
-98
-6
-84
56
-38
56
58
27
-82
76
-4
47
-84
-70
94
56
-78
-30
-60
-15
88
-97
86
-68
2
-39
-57
70
-47
-82
-67
4
-7
57
83
-99
-63
-52
45
-23
-79
76
10
4
-13
-97
87
-76
95
-70
-61
-9
92
64
-60
-22
-55
-34
-16
50
31
-6
40
-6
-62
-84
-72
-34
0
-8
-87
-66
76
-94
21
62
25
-99
49
49
81
-5
50
64
-100
33
-60
-49
-75
-19
85
-44
71
46
34
81
82
-43
-89
-35
69
-92
77
37
90
-76
-31
6
-23
-71
82
46
-75
-66
9
-25
-24
95
-50
-10
-95
48
-71
66
-76
-100
-93
-53
71
-66
84
-18
-92
-95
-45
27
72
-36
-73
75
60
85
87
-22
-34
-34
-79
12
65
38
51
42
-100
-77
57
-68
1
21
-19
-52
-31
68
-13
71
-8
-55
-42
34
46
58
26
-15
11
58
-22
-40
6
45
93
36
9
-42
21
12
98
77
96
-6
56
61
-21
29
63
-18
55
96
95
3
0
98
-6
39
6
-71
7
-67
20
-58
39
60
-19
79
-71
6
25
44
24
-55
66
-35
-87
9
26
94
-67
-11
-15
56
-77
-1
15
73
-18
-28
-20
-7
-82
75
-28
-50
-46
27
87
89
41
59
-16
90
-82
-28
-53
90
46
-100
-82
92
-9
77
-21
-74
22
45
37
5
21
6
-7
91
2
-28
-10
-10
-90
49
34
-50
-20
-12
-63
19
-94
63
-54
27
52
-82
45
27
40
-32
69
-43
80
54
-70
0
-23
82
38
81
96
-84
81
87
49
53
-100
-57
84
73
-82
-88
-98
-32
10
-41
20
96
77
-32
71
-80
47
-70
-88
57
81
1
-54
-42
91
96
48
78
30
-61
76
63
51
-49
97
-89
93
-78
53
56
38
-35
-3
-18
81
-68
10
-10
61
15
-83
25
12
59
31
-99
-97
-85
98
-65
23
-95
85
-49
85
61
-14
-86
-88
11
33
-81
-81
-36
92
90
5
9
0
79
-24
86
-96
-41
-88
-46
21
-18
-15
3
-69
-50
-4
-40
-93
19
-47
-25
26
-67
72
-37
-89
69
-76
40
-12
-3
-62
85
30
23
41
-27
-43
-21
-96
-50
-100
26
-55
-7
-67
-54
24
-70
27
83
-34
-3
77
68
-84
54
-49
-93
74
10
68
84
65
-7
15
13
81
92
31
34
98
15
-56
80
3
20
42
55
-39
-46
-68
67
-61
20
23
66
-43
-63
-19
-77
-84
94
91
-65
22
56
55
-74
12
-65
-56
27
69
-58
0
27
5
18
90
84
-87
61
56
23
-79
-56
-92
22
-34
88
97
89
22
8
0
-77
-98
56
-77
-86
-88
16
36
32
13
46
76
-52
80
0
-77
89
-52
-89
-73
-83
93
64
-94
-81
24
33
-59
-28
3
-2
-1
-85
97
85
-57
-8
-44
27
79
58
65
-35
17
-38
-94
-40
-84
69
89
-52
-69
-83
-52
-6
-26
-33
13
60
-30
85
71
-95
-99
-5
45
88
26
42
-57
73
38
-72
-77
76
68
34
-62
-74
84
35
-49
-97
-96
-76
-10
-15
92
54
-97
69
13
43
95
70
44
13
45
-25
52
-52
1
-98
94
11
9
-11
-38
36
30
-82
-69
-78
78
-89
-6
43
-87
74
-43
-83
36
-33
-77
71
-37
74
14
-40
5
-82
-68
-45
42
-86
-76
83
87
68
62
36
-4
-6
65
49
-89
84
-33
-74
57
-11
16
15
-61
80
23
-57
-1
31
-39
17
-66
85
34
52
-60
45
-38
9
-39
48
16
21
-71
31
77
0
-95
55
61
-51
76
48
6
90
-18
40
-38
37
22
18
15
15
-18
83
-3
77
16
54
-49
60
-86
44
-1
91
69
82
-68
-81
-16
-66
-99
-73
33
42
65
-43
-79
20
-38
75
30
-77
93
-79
41
0
32
-81
46
9
96
62
4
-25
-61
-12
-18
1
-69
68
80
-72
85
37
-63
20
-77
-12
-99
-88
3
1
-86
54
-12
9
86
-31
-91
73
-92
-64
25
-66
-57
42
46
14
-60
6
-2
21
-90
13
93
-9
72
-56
71
-96
0
-90
26
-95
-27
25
14
-3
57
-58
-75
-45
-53
64
21
-41
81
94
72
-59
61
89
-14
-74
56
-82
31
57
2
-97
39
74
11
-54
92
-20
43
-55
-49
88
19
-25
71
77
76
69
-67
-78
51
53
85
-75
-24
-88
-86
71
88
-3
-100
46
26
88
-74
-83
41
26
-55
-6
48
97
20
89
98
85
-89
91
-74
-80
-73
5
35
-62
7
1
39
46
62
58
55
31
-16
22
59
-24
71
-72
-70
39
25
18
-88
45
29
9
39
97
83
-44
40
-5
10
85
92
-16
-81
39
-16
97
61
91
-91
-86
-4
-73
28
-94
-74
49
81
-56
30
-37
-24
22
-49
-85
45
34
25
-55
59
-79
84
54
41
-22
12
-98
-77
19
-87
99
-64
87
77
55
11
9
-2
-92
33
-38
-21
9
-33
-85
91
-88
-32
9
74
1
-96
-77
-39
3
-64
47
21
60
58
-50
-95
79
36
83
83
18
31
90
-43
19
-33
-63
79
-60
-3
28
-87
55
55
-15
-57
-43
-30
-93
43
-7
87
-92
-69
-67
28
57
-61
90
-14
-9
5
-50
98
-64
-54
-87
-64
-22
-55
49
-14
-28
63
5
72
-13
-45
-44
27
27
32
-24
29
71
0
57
-80
31
84
-46
51
15
-59
-24
-16
88
-86
66
61
-93
-67
-61
35
80
38
9
-31
-83
8
-71
-47
-80
-27
44
44
15
70
-24
-31
-54
-50
-88
-95
57
-64
-29
56
-14
-65
-60
25
74
4
23
51
11
-26
18
29
61
63
33
-12
-97
-63
58
17
-3
94
-59
52
29
76
50
-44
-56
-42
1
-87
-28
-28
42
19
-69
12
17
-24
32
-31
-48
-44
-10
-97
77
-76
85
3
49
-22
-30
-96
88
-56
23
-59
-71
30
-89
-20
-79
-63
-63
96
16
52
-45
-40
40
86
10
34
-59
-22
-30
-68
-43
1
-10
25
-40
-46
-6
35
23
47
-93
91
99
82
78
-72
-6
29
-55
96
90
30
81
40
96
-83
-74
-32
24
-19
27
52
-15
81
-6
64
-99
-91
-21
-25
-63
-76
39
62
2
-90
-98
-2
90
-25
1
-67
-10
55
78
-3
-70
-59
-36
-41
-3
22
63
12
17
37
-34
50
-1
-53
32
-39
-29
-2
-56
13
89
51
21
-16
26
99
3
78
46
-84
-95
-71
-24
-17
-53
8
-91
67
99
27
-29
-42
-15
19
65
33
-26
-20
81
-56
-93
-72
-39
29
28
62
-57
-28
22
-52
-50
54
32
13
-4
30
23
57
54
12
59
36
-100
28
-30
-50
57
17
26
-20
-7
-93
-96
59
-46
9
64
94
78
-88
3
-26
-56
-77
-6
94
-26
-15
-14
-26
10
-6
81
-75
-18
-41
-39
83
-66
89
-9
18
-36
-51
-64
-25
60
61
-12
46
51
86
41
-32
-68
45
-4
76
36
84
68
-16
-29
34
66
-89
-55
-62
-35
32
-28
17
77
82
78
-13
10
-61
-35
-17
-84
54
-50
46
-66
-24
-14
-15
-10
-79
68
69
31
53
15
-1
-97
34
0
79
62
69
40
-100
29
69
-29
19
94
14
60
-34
60
72
27
7
-92
62
-63
54
-10
-77
15
-42
58
96
17
-79
99
83
-100
75
-25
-57
-41
-29
-98
-93
51
-2
71
53
96
56
39
56
85
79
-72
-82
6
2
-99
-78
-53
-81
15
-31
18
20
-99
-78
9
23
87
48
-72
-22
-31
31
-85
-12
74
-2
-74
-22
23
69
-7
-27
34
74
69
11
11
-37
-18
-55
-97
16
-24
84
-37
-72
-94
-99
-55
-13
60
76
-66
42
-63
-57
-1
1
15
-68
-62
-20
-76
84
-72
-72
3
85
-95
46
74
-30
-92
-97
38
43
62
26
26
-93
-89
69
-8
-62
89
41
0
97
46
-75
63
63
85
-61
-49
95
-23
-5
-95
67
10
46
49
30
-57
47
-58
-60
9
-95
48
-89
33
-53
-45
-71
58
13
-51
52
-74
-32
-18
-97
-56
34
21
32
-87
-28
-83
92
-23
30
-61
-8
22
73
40
-89
78
50
36
-64
-91
5
19
15
-39
28
0
58
-37
-14
-82
-64
27
6
-90
-9
23
-37
-38
-85
-6
98
-69
-75
-41
-51
-86
51
-67
5
-48
-49
-48
43
69
2
-44
65
0
34
83
-1
-72
-19
-94
88
-12
-8
6
14
-24
81
-19
25
-42
48
17
-8
70
-41
-7
-74
-86
-2
-67
-80
-52
94
97
51
-54
-64
49
-26
62
55
-51
6
98
0
98
36
-67
34
93
75
52
-19
-60
11
-76
15
-35
79
-41
74
-9
60
75
-48
-32
14
71
-54
-7
86
-50
84
-91
-77
-59
-55
57
9
-5
23
35
72
95
16
13
-32
84
47
58
72
94
21
-88
65
35
13
99
81
-57
-57
-94
-30
32
-71
-44
-46
-34
66
-28
-90
-83
-82
-78
37
8
73
25
73
-73
-89
73
-41
27
-95
-100
91
66
96
39
-34
-87
-5
-89
-69
55
43
-19
11
-63
41
21
61
74
-21
-56
21
-31
-65
10
69
-56
-34
-49
15
98
-28
43
33
-67
94
35
-23
86
12
-51
-26
53
-93
75
-27
22
-15
-14
2
-7
-26
-16
58
-32
-52
-68
13
9
94
52
-21
75
-78
66
-64
47
-83
-77
81
44
27
18
65
99
92
21
-39
-88
-69
7
47
-49
19
1
22
79
39
-26
-58
-58
-12
-84
-9
-85
-75
-61
-91
35
-74
-13
-28
-52
-90
-100
-84
87
66
7
-54
90
76
20
76
33
46
26
71
-64
60
-13
-89
-28
30
89
-19
7
-25
-80
28
54
99
-47
46
78
22
-1
-94
29
78
-11
9
-4
-43
-69
-28
69
82
-71
-10
-96
-66
-36
-23
83
-52
-82
-78
-45
-18
33
-42
-10
-65
87
56
-62
7
-89
-70
-13
-20
-48
-70
-53
71
88
-29
20
67
-18
92
68
-45
-7
-87
-41
90
-81
74
28
58
49
91
-12
15
81
35
60
76
-59
-93
-53
63
77
-74
12
-66
-70
42
-79
-23
-65
71
-19
-26
-57
9
27
-27
-59
72
-32
96
-31
67
97
39
14
-17
-15
16
-9
-48
-65
13
78
-30
-7
-15
-5
75
-11
-84
79
-17
78
49
78
-83
21
57
-88
-56
66
67
-28
-64
-36
52
-87
-62
-30
-15
50
86
-19
25
67
71
14
-51
19
-84
-28
22
-15
-79
-21
67
-37
59
-10
-34
78
-45
-52
86
-76
-94
69
-25
81
-56
-89
-41
98
-4
71
-29
17
-13
23
-59
36
42
69
-100
-43
-65
-84
34
68
-30
83
48
29
39
16
98
-87
-40
-12
43
-9
47
-70
51
-70
68
-64
42
69
-4
0
-92
57
66
64
44
-3
-97
-90
36
20
-27
89
-83
40
-82
86
-13
18
-90
-49
43
12
-22
-14
38
-58
34
-79
74
-47
-46
48
38
-64
-72
-39
-68
-34
17
17
-36
23
3
84
-63
13
-25
-10
-81
49
-98
29
56
-88
-16
-7
6
94
-4
71
-85
11
-98
-54
79
80
-45
-82
-62
96
56
-89
6
11
-81
43
6
-31
-60
-15
-75
59
64
-22
-86
19
91
14
-34
46
-62
-79
-29
-46
9
6
53
-89
-50
-77
-84
55
67
-22
-21
-64
-58
-73
-15
11
38
70
84
61
6
-23
-78
-21
-96
18
6
-17
-46
-54
47
-45
-46
-49
65
55
6
-58
-51
-40
-20
51
-61
-38
-61
-24
76
-10
43
-66
-11
74
-80
75
-25
81
-85
-40
30
-79
-70
-82
48
-16
-10
80
-46
90
75
61
83
60
56
22
93
11
34
57
-32
-69
45
0
22
50
25
-38
71
82
-29
-84
71
-10
-84
-100
-77
95
48
74
20
-19
-36
59
-66
84
77
28
43
36
71
57
55
-46
-51
2
69
79
88
55
38
73
-59
-23
39
-4
-14
-11
-22
11
12
68
-71
51
98
-79
78
49
29
-27
84
90
-2
-90
8
27
-89
24
-85
17
-74
14
-13
59
30
11
6
31
-43
19
32
-30
-100
27
-19
68
-38
67
-96
62
68
-69
-28
25
-58
66
94
77
45
-9
65
16
-99
-20
-20
96
91
28
99
-61
-2
-45
-23
-72
-89
93
32
31
21
54
67
-33
-85
-97
59
22
-44
-27
15
-36
-35
55
0
-67
88
34
19
75
5
67
30
-8
-46
-57
12
1
-67
21
-30
-66
35
26
-39
20
-51
-95
10
-22
67
1
2
-97
83
21
-87
61
70
-87
-86
-22
35
98
-61
-51
71
60
48
84
-27
5
-83
-83
-62
27
8
72
-95
50
-1
36
-14
43
-100
-75
-3
89
51
54
-98
2
-68
-23
9
-32
26
-38
80
37
-75
73
71
90
4
98
-82
-5
32
85
-78
19
20
-42
54
19
-47
18
-44
-25
-53
-54
20
33
36
56
-60
-3
22
42
49
-40
-2
86
-4
-22
71
-66
-79
99
-70
19
22
-44
-80
-3
-51
-33
-77
-58
-36
12
-82
-72
-93
-9
64
91
16
41
-63
46
58
31
2
-12
59
-48
-58
64
-52
10
28
-9
-20
94
70
60
26
-60
-3
-51
99
90
-62
-15
48
-55
77
-58
-91
89
-90
-27
71
-23
-7
88
-33
54
-15
-36
-88
-78
0
-17
19
-34
48
-31
-89
-5
-35
49
-26
-44
-5
39
-7
97
-66
-34
-87
-48
48
-40
32
-55
44
50
5
-67
52
-27
97
-22
66
37
93
23
-67
-26
76
70
-45
-71
-80
-63
-84
85
67
-75
-76
-39
-10
-63
-59
-55
-40
45
60
18
69
-55
71
67
68
18
85
-81
-64
60
-76
89
90
-63
-30
78
28
-86
-86
-98
79
-96
-81
-98
-91
-26
-77
-5
10
-25
-91
-29
80
-67
-44
56
-70
-88
-19
23
80
26
72
-68
-15
11
-52
62
-40
11
37
-52
-7
99
71
-26
40
83
41
-20
-94
-69
-50
55
92
-71
92
38
2
15
51
-34
27
-30
-60
-31
-31
-10
48
27
-98
-91
-14
27
-64
7
-34
88
-7
70
-57
-63
38
-46
99
31
-52
-65
90
-62
9
-3
46
24
-36
88
-92
96
98
-62
18
-65
33
98
-24
-60
42
-95
84
-15
89
-38
92
-40
-11
33
-44
-24
-49
-59
-64
99
-58
30
-38
-28
-78
21
35
-56
-14
-23
68
12
-50
-61
68
62
-44
7
37
44
-61
-54
44
-56
-56
-97
74
93
71
-54
-65
25
2
-81
89
-40
17
-41
20
-24
-12
62
46
-64
-87
76
67
35
31
15
66
44
21
31
-48
36
-15
-56
60
-65
-99
-52
-39
-86
-83
99
13
-42
-34
-91
-82
17
-32
-57
73
-39
39
43
39
-86
78
0
15
67
38
32
11
-98
-77
9
34
39
60
-19
55
83
-98
-65
39
-47
84
15
-93
-95
-33
7
-48
-23
-61
-93
-43
-41
31
67
55
-26
2
-6
44
-29
65
-72
94
-70
52
-21
-62
-26
-90
54
-27
-30
-47
91
72
79
-35
-46
56
49
44
-75
-78
-76
41
6
85
-74
63
-48
-24
-85
-66
96
-64
-65
-3
-65
-3
-72
47
-64
-72
77
-47
37
42
-24
-43
0
-98
-8
18
-15
-11
-28
73
51
-93
13
-10
-96
-75
21
23
90
-73
-25
47
-92
-75
-57
-37
48
-62
23
50
19
-77
27
95
-81
-11
13
-62
-23
-88
-80
6
-96
20
76
75
27
73
-93
31
84
-4
-19
60
-43
13
78
6
-68
4
51
-20
67
-77
10
-19
-46
16
55
-38
45
-74
-92
42
4
-92
93
23
14
2
89
84
-98
45
-57
70
38
59
-81
3
54
-5
-69
70
-76
42
95
17
-100
23
-48
51
73
35
53
40
78
94
21
31
-3
-19
-22
-46
44
-94
-98
-76
-8
16
-6
14
17
55
29
51
51
5
-17
88
11
-30
96
-31
-10
42
64
-36
-95
-68
54
-89
-37
20
-87
-97
44
38
-94
-39
-25
1
-29
-10
50
-56
-96
27
15
-43
-7
-5
-30
90
3
13
-40
-48
-41
69
20
-9
-65
67
-66
31
-86
81
-80
-47
36
16
-56
9
80
-2
93
-100
-30
-94
-52
19
29
63
13
-92
-62
-54
97
45
4
52
-62
-22
3
-79
-92
-87
8
-31
-98
42
31
-13
57
-4
80
92
-32
-28
85
10
-5
-62
80
22
74
44
-38
34
77
-71
18
40
-77
-28
38
-48
-85
-11
-62
62
13
56
99
-67
11
70
-39
3
4
47
83
-31
-35
-25
-2
75
99
41
26
-46
-42
-24
-29
-39
-53
-98
22
-20
25
26
55
-72
-46
51
-37
8
60
60
-98
-98
-48
73
83
-11
-47
61
-32
-37
-55
-7
-100
47
-17
93
97
22
38
-60
78
-85
-59
-86
66
-1
45
75
37
-56
-54
-51
98
88
-41
-69
-41
-42
-9
-74
88
-3
81
40
23
94
-43
24
-30
34
76
-59
0
-54
39
47
15
-33
72
-100
43
-41
97
-1
-58
44
19
2
1
47
-47
62
89
-38
31
56
84
71
48
12
99
-1
56
51
-30
-69
-8
22
-84
85
-69
-64
12
-69
38
-31
56
-63
-100
-8
91
97
-87
-63
72
-76
-91
2
-97
1
-45
55
60
-69
37
-100
-93
87
16
36
48
93
-35
-77
-30
-9
-90
-37
-91
-77
-64
91
82
98
26
-9
74
61
-85
25
-4
-11
-77
-10
36
71
-52
34
36
50
-91
66
10
-87
-7
-9
-7
-39
-61
94
-25
90
-44
68
-29
84
1
26
-39
-48
-45
59
-82
60
5
75
70
6
73
52
51
53
-9
32
-8
-13
-14
64
60
40
27
-90
65
54
-11
61
-36
-40
79
-38
-5
59
55
-5
-24
-39
51
55
68
-1
56
-50
53
-4
81
17
-70
-60
10
-100
-55
-13
54
-4
-11
41
60
-42
-70
-99
22
55
97
-82
-33
-44
-62
-98
-88
44
-25
51
-12
59
24
-79
-45
5
4
64
85
-34
-33
-72
-65
-16
-44
46
-1
51
-1
52
-72
68
-28
62
23
6
7
-97
3
45
-6
70
50
93
-77
13
-24
30
-63
-76
-10
-51
12
-46
14
3
-74
-86
-95
-41
54
50
-87
27
74
-64
-43
63
89
91
5
80
-66
28
33
-15
86
-76
87
-33
-47
23
-3
45
23
0
-52
73
12
94
-79
-1
-53
-37
-30
-89
-33
-88
21
-99
21
-67
-74
-36
46
1
-86
-32
68
7
18
-87
37
0
46
-4
-75
-36
-69
-61
26
96
-2
-75
-3
98
-45
-64
-94
91
-88
-62
-80
8
45
-8
-72
42
32
-81
15
25
67
-57
29
12
-8
70
-48
-75
19
-76
-64
-96
-16
13
-95
23
47
53
-18
66
-11
34
0
28
33
38
-12
-33
76
-66
-90
-6
43
60
-58
97
-8
-32
-15
-40
-17
-25
-3
-99
-100
19
40
59
-25
-17
-25
-71
-34
57
-43
-3
-54
-46
52
80
47
-91
-91
-4
-14
-89
64
87
-57
-29
-99
76
16
-7
65
97
-90
78
25
58
-3
90
-25
64
-40
71
80
64
67
64
70
-21
-81
-72
52
-31
99
35
-81
-65
5
12
-58
74
74
76
-45
-1
72
-42
72
7
-34
37
-69
18
57
-83
56
68
71
74
24
90
-90
81
-77
-76
72
49
-76
71
99
-71
-77
-25
-97
23
51
74
-74
65
41
-10
-55
45
40
92
-53
-27
24
88
42
-48
-46
-8
-76
45
91
-92
20
59
-50
59
78
68
-83
5
56
49
-69
94
-13
-85
44
-64
-88
49
87
-70
-35
-88
-1
-50
-53
94
-54
-69
-99
-72
-57
-68
50
-100
-92
89
96
-37
43
-79
7
-48
78
-36
-49
91
-35
64
-43
21
-32
54
34
-26
20
2
31
67
-29
-97
25
95
48
-9
-21
21
79
-12
65
30
22
-77
70
80
-5
-27
-86
-36
-75
78
-29
58
-56
-19
38
0
-23
-18
3
85
96
32
-17
56
-83
71
21
-4
72
-56
-69
86
-95
59
-36
94
-37
-80
41
64
-78
-63
94
96
-8
3
-89
94
57
-65
-94
-81
-80
15
-9
-87
-27
5
52
58
67
71
24
-71
21
-61
-40
-32
91
-69
-13
-93
21
31
67
41
56
51
45
41
96
-86
-12
-65
-17
22
14
-74
-79
-29
-27
2
6
-72
35
-99
26
86
42
-37
47
16
98
54
5
44
54
23
-52
-68
-32
77
40
-49
-51
75
-55
13
-78
81
-15
-18
85
23
27
79
82
41
-11
-22
-4
-62
2
-49
-24
-6
-57
-82
21
35
-2
-77
-31
23
-70
-14
37
-64
-6
86
87
-68
11
30
-87
-74
-33
-24
19
-31
-74
13
-7
29
88
59
80
-44
-66
-19
-94
-85
-54
-66
0
-38
-69
4
39
46
53
-73
24
46
-35
22
93
-71
-14
-7
3
40
66
17
-47
40
