15
15.82182580854392 5.564913029807117
2.985990385190107 64.81301030699542
60.551917966433976 19.143001110805415
51.40998779021469 50.92871374655452
91.51794593769735 64.14289323893512
30.437280209864493 45.6150740211947
62.40185334710693 47.19844176140685
85.3732679383185 38.78424208234108
35.087951097975065 85.79118736235152
17.282733340110077 53.5232771007792
50.31111390256219 18.48273687854981
48.01961676664091 83.34540240240604
2.70216899932908 32.6190009037351
89.88592334954181 87.85415212839563
31.16991105097322 53.51812286989494
