40
88.38922206822969 97.54498807396165
12.75263080635456 46.64689089295803
37.94056565263338 14.686416363162557
70.59092234689838 74.79949096914577
79.23976922349541 62.86498167758262
99.15271534216717 51.01823946730768
24.155641653310866 5.570123723746034
87.43108245767334 96.40509535780546
57.308986295654805 47.62544556396533
0.009791635243239227 6.24113321344868
68.19867366756534 78.54161763239496
23.75563497511026 46.06874439284524
54.94897762608477 49.70831240620903
70.12457893245767 26.01624041208286
65.16922450312043 22.650014451355148
51.99017728325648 74.52029210434749
89.25679083738535 5.901686089734426
36.921213675936194 27.37645977877715
91.72121422554198 75.12058516505577
84.03526320026819 38.589483717621405
12.136811034986728 96.71596394689168
59.229429153024924 11.02843602458604
99.85335030333997 41.12830812924552
89.07856548160487 27.47814245963195
32.45686888585554 50.57873922646296
77.16372484236594 63.51702569259102
13.049608094564558 99.41307067150927
59.54528028266471 54.30337499757852
62.06169756329894 50.796811997524294
1.3324039340038896 79.78754941894142
90.22857093991851 83.97704127620439
49.81827571847882 92.18284443750879
69.27884174851324 21.254889508347652
50.64614291445388 47.29249673904135
79.53401472193053 56.39505833401303
48.67922316987426 51.407800289432096
26.553216987794816 79.08958897552716
87.26468644245634 49.4662623847543
20.9808274382269 28.74288638812542
51.23678405394491 16.637081247687057
