50
95.29349351698365 92.31923329122024
56.97862705127888 40.29794408499047
37.08380256189437 48.12376882292203
11.456010476929901 89.12858154095281
97.85212906625571 3.8260491025776666
56.873443084724265 22.35809777890303
34.07300969018632 5.6881150710716755
83.22640965968834 25.222176815120577
79.77554176395996 53.745336832783266
25.25279369173977 82.40833226517694
62.23271488945704 39.79781001423645
66.9204532116907 82.72628929145527
41.826783225954536 32.01617235858231
65.6595296773871 4.329841609834883
78.54749007231099 94.29139910841378
34.88045554444126 91.53170679523362
9.34844232580565 79.70758224907452
95.41258526881168 23.684575280319574
81.85790579521009 7.6562714253724184
69.46857557030987 94.54957312522988
21.595585916516292 59.527545605756515
34.28386766555073 89.20817468338859
83.59405268969604 62.37611954925148
95.28299892345362 17.25901615511879
69.5024683444503 40.75116864185367
12.865127076887251 70.80008386128418
75.72253953245217 42.56472331111855
41.71637634935886 37.60357988066255
13.171193283003879 33.924349555290256
5.817739779331676 12.958812106567175
84.51558338000513 61.89507954594122
7.33700988989664 87.69017849922635
52.36442584523734 22.256661967410306
74.31798932042078 3.5566360830342147
0.14780855779226165 0.6853769457074166
15.803377542810281 0.9735471723193334
98.1980325196967 56.546365012062275
94.74618599631171 12.155676243238723
58.549182682383226 3.231451250683337
67.86755136241159 38.603259234986695
10.412150148069088 14.732203177244374
83.6337231648002 88.97399111635904
3.100493429432738 8.641003981738503
92.86027305361183 79.85092676235442
69.45735073835752 13.485687793205681
29.080202408520506 97.85010197266864
95.53723711424892 5.884258881020754
38.808640898447834 3.5692465775759907
36.129438936309775 12.310524382637734
10.32247498171185 54.693591719855185
