70
50.50675697491268 65.17209520710321
81.78804632177979 74.22968969254879
85.40764440709947 11.153477794924182
15.690627424611293 75.49042472777275
72.98736733043472 10.644224604680952
39.8817740213144 6.882738622213058
85.25365725001362 76.23829580074093
7.531025288516191 39.19678693036439
27.08801370788001 33.58523056319381
15.869923486479387 77.68632673215676
12.609570721711227 58.50035076780985
68.17682488169751 55.924810170330964
4.249828547469425 96.24345006082999
10.481908036491195 44.27642082099317
96.2138099839943 63.154347856201866
28.513251695068178 25.185151631108337
88.45817750220836 31.79785240234436
65.9085666571888 39.91046597715724
67.18974666054004 98.01593011209985
87.9097026047247 71.05719894106169
43.053835459878634 89.1958716155345
25.19099189961348 35.90408742216593
92.43108000691318 93.17876246652342
17.14543341105489 25.67597767744537
87.98380714256353 31.935987770687102
23.899432990991453 55.4496676938217
79.4919283516241 99.89847368794166
33.89750568517177 37.67439023065846
17.59472291360151 3.0436152476779332
85.99967055179405 97.6307116824783
32.30653305071578 78.03635542662781
2.2061649372191128 47.353847840705555
73.33392911260583 62.66342074523929
57.98510523340325 30.049852659866627
20.604809127978108 94.5530475378982
62.0423641504959 56.89856059369236
45.19290395258623 56.090253071064986
58.15135106823902 11.17990922304447
53.425391039932975 9.437558681554247
31.451958788567936 98.2125207414834
89.67796213204576 4.054174882589779
36.22549911228493 99.7432170852007
13.789518910236332 76.57579213776108
84.99854860529558 32.79126845835664
54.95258277675199 31.326985871321224
49.315775220631664 34.659072505909826
39.426046660558164 37.856848664128016
82.67521308587118 26.713655330743315
61.34967268131262 83.93452680331728
31.071254074578892 3.168018067670153
73.62961921672596 60.42756537193675
35.81879399385177 86.10103416281873
41.58287289220295 92.18376854231765
44.04664562954027 53.51280085517979
8.70571798426668 76.23943504532508
99.88205050536999 67.63519712758126
2.986516148940599 35.11458499783116
36.18742641603819 37.565861082189514
79.88720928908694 43.003139397717064
26.058121328179773 21.4393268779032
67.49028903211 54.39705101012857
43.15195555718685 48.56581423562258
86.62828955867752 34.36314123419116
28.403591312361954 41.649362199611716
35.48606702839191 59.57273938172567
38.840025062544306 32.910032774301854
7.401550252727473 66.58126443181283
67.19010397911391 65.11855744770116
79.70872844356423 68.81911723140252
37.70502983323909 33.31530468315464
